Instante de tiempo,Total de clientes que ingresaron,Clientes en cola de espera,Clientes siendo atendidos,Clientes ya atendidos,Clientes NO atendidos
0,0,0,0,0,0
1,0,0,0,0,0
2,0,0,0,0,0
3,0,0,0,0,0
4,0,0,0,0,0
5,0,0,0,0,0
6,0,0,0,0,0
7,0,0,0,0,0
8,0,0,0,0,0
9,0,0,0,0,0
10,0,0,0,0,0
11,0,0,0,0,0
12,0,0,0,0,0
13,0,0,0,0,0
14,0,0,0,0,0
15,0,0,0,0,0
16,0,0,0,0,0
17,0,0,0,0,0
18,0,0,0,0,0
19,0,0,0,0,0
20,0,0,0,0,0
21,0,0,0,0,0
22,0,0,0,0,0
23,0,0,0,0,0
24,0,0,0,0,0
25,0,0,0,0,0
26,0,0,0,0,0
27,0,0,0,0,0
28,0,0,0,0,0
29,1,0,1,0,0
30,1,0,1,0,0
31,1,0,1,0,0
32,1,0,1,0,0
33,1,0,1,0,0
34,1,0,1,0,0
35,1,0,1,0,0
36,1,0,1,0,0
37,1,0,1,0,0
38,1,0,1,0,0
39,1,0,1,0,0
40,1,0,1,0,0
41,1,0,1,0,0
42,1,0,1,0,0
43,1,0,1,0,0
44,1,0,1,0,0
45,1,0,1,0,0
46,1,0,1,0,0
47,1,0,1,0,0
48,1,0,1,0,0
49,1,0,1,0,0
50,1,0,1,0,0
51,1,0,1,0,0
52,1,0,1,0,0
53,1,0,1,0,0
54,1,0,1,0,0
55,1,0,1,0,0
56,1,0,1,0,0
57,1,0,1,0,0
58,1,0,1,0,0
59,1,0,1,0,0
60,1,0,1,0,0
61,1,0,1,0,0
62,1,0,1,0,0
63,1,0,1,0,0
64,1,0,1,0,0
65,1,0,1,0,0
66,1,0,1,0,0
67,1,0,1,0,0
68,1,0,1,0,0
69,1,0,1,0,0
70,1,0,1,0,0
71,1,0,1,0,0
72,1,0,1,0,0
73,1,0,1,0,0
74,1,0,1,0,0
75,1,0,1,0,0
76,1,0,1,0,0
77,1,0,1,0,0
78,1,0,1,0,0
79,1,0,1,0,0
80,1,0,1,0,0
81,1,0,1,0,0
82,1,0,1,0,0
83,1,0,1,0,0
84,1,0,1,0,0
85,1,0,1,0,0
86,1,0,1,0,0
87,1,0,1,0,0
88,1,0,1,0,0
89,1,0,1,0,0
90,1,0,1,0,0
91,1,0,1,0,0
92,1,0,1,0,0
93,1,0,1,0,0
94,1,0,1,0,0
95,1,0,1,0,0
96,1,0,1,0,0
97,1,0,1,0,0
98,1,0,1,0,0
99,1,0,1,0,0
100,1,0,1,0,0
101,1,0,1,0,0
102,1,0,1,0,0
103,1,0,1,0,0
104,1,0,1,0,0
105,1,0,1,0,0
106,1,0,1,0,0
107,1,0,1,0,0
108,1,0,1,0,0
109,1,0,1,0,0
110,1,0,1,0,0
111,1,0,1,0,0
112,1,0,1,0,0
113,1,0,1,0,0
114,1,0,1,0,0
115,1,0,1,0,0
116,1,0,1,0,0
117,1,0,1,0,0
118,1,0,1,0,0
119,1,0,1,0,0
120,1,0,1,0,0
121,1,0,1,0,0
122,1,0,1,0,0
123,1,0,1,0,0
124,1,0,1,0,0
125,1,0,1,0,0
126,1,0,1,0,0
127,1,0,1,0,0
128,1,0,1,0,0
129,1,0,1,0,0
130,1,0,1,0,0
131,1,0,1,0,0
132,1,0,1,0,0
133,1,0,1,0,0
134,1,0,1,0,0
135,1,0,1,0,0
136,1,0,1,0,0
137,1,0,1,0,0
138,1,0,1,0,0
139,1,0,1,0,0
140,1,0,1,0,0
141,1,0,1,0,0
142,1,0,1,0,0
143,1,0,1,0,0
144,1,0,1,0,0
145,1,0,1,0,0
146,1,0,1,0,0
147,1,0,1,0,0
148,1,0,1,0,0
149,1,0,1,0,0
150,1,0,1,0,0
151,1,0,1,0,0
152,1,0,1,0,0
153,1,0,1,0,0
154,1,0,1,0,0
155,1,0,1,0,0
156,1,0,1,0,0
157,1,0,1,0,0
158,1,0,1,0,0
159,1,0,1,0,0
160,1,0,1,0,0
161,1,0,1,0,0
162,1,0,1,0,0
163,1,0,1,0,0
164,1,0,1,0,0
165,1,0,1,0,0
166,1,0,1,0,0
167,1,0,1,0,0
168,1,0,1,0,0
169,1,0,1,0,0
170,1,0,1,0,0
171,1,0,1,0,0
172,1,0,1,0,0
173,1,0,1,0,0
174,1,0,1,0,0
175,1,0,1,0,0
176,1,0,1,0,0
177,1,0,1,0,0
178,1,0,1,0,0
179,1,0,1,0,0
180,1,0,1,0,0
181,1,0,1,0,0
182,1,0,1,0,0
183,1,0,1,0,0
184,1,0,1,0,0
185,1,0,1,0,0
186,1,0,1,0,0
187,1,0,1,0,0
188,1,0,1,0,0
189,1,0,1,0,0
190,1,0,1,0,0
191,1,0,1,0,0
192,1,0,1,0,0
193,1,0,1,0,0
194,1,0,1,0,0
195,1,0,1,0,0
196,1,0,1,0,0
197,1,0,1,0,0
198,1,0,1,0,0
199,1,0,1,0,0
200,1,0,1,0,0
201,1,0,1,0,0
202,1,0,1,0,0
203,1,0,1,0,0
204,1,0,1,0,0
205,1,0,1,0,0
206,1,0,1,0,0
207,1,0,1,0,0
208,1,0,1,0,0
209,1,0,1,0,0
210,1,0,1,0,0
211,1,0,1,0,0
212,1,0,1,0,0
213,1,0,1,0,0
214,1,0,1,0,0
215,1,0,1,0,0
216,1,0,1,0,0
217,1,0,1,0,0
218,1,0,1,0,0
219,1,0,1,0,0
220,1,0,1,0,0
221,1,0,1,0,0
222,1,0,1,0,0
223,1,0,1,0,0
224,1,0,1,0,0
225,1,0,1,0,0
226,1,0,1,0,0
227,1,0,1,0,0
228,1,0,1,0,0
229,1,0,1,0,0
230,1,0,1,0,0
231,1,0,1,0,0
232,1,0,1,0,0
233,1,0,1,0,0
234,1,0,1,0,0
235,1,0,1,0,0
236,1,0,1,0,0
237,1,0,1,0,0
238,1,0,1,0,0
239,1,0,1,0,0
240,1,0,1,0,0
241,1,0,1,0,0
242,1,0,1,0,0
243,1,0,1,0,0
244,1,0,1,0,0
245,1,0,1,0,0
246,1,0,1,0,0
247,1,0,1,0,0
248,1,0,1,0,0
249,1,0,1,0,0
250,1,0,1,0,0
251,1,0,1,0,0
252,1,0,1,0,0
253,1,0,1,0,0
254,1,0,1,0,0
255,1,0,1,0,0
256,1,0,1,0,0
257,1,0,1,0,0
258,1,0,1,0,0
259,1,0,1,0,0
260,1,0,1,0,0
261,1,0,1,0,0
262,1,0,1,0,0
263,1,0,1,0,0
264,1,0,1,0,0
265,1,0,1,0,0
266,1,0,1,0,0
267,1,0,1,0,0
268,1,0,1,0,0
269,1,0,1,0,0
270,1,0,1,0,0
271,1,0,1,0,0
272,1,0,1,0,0
273,1,0,1,0,0
274,1,0,1,0,0
275,1,0,1,0,0
276,1,0,1,0,0
277,1,0,1,0,0
278,1,0,1,0,0
279,1,0,1,0,0
280,1,0,1,0,0
281,1,0,1,0,0
282,1,0,1,0,0
283,1,0,1,0,0
284,1,0,1,0,0
285,1,0,1,0,0
286,1,0,1,0,0
287,1,0,1,0,0
288,1,0,1,0,0
289,1,0,1,0,0
290,1,0,1,0,0
291,1,0,1,0,0
292,1,0,1,0,0
293,1,0,1,0,0
294,1,0,1,0,0
295,1,0,1,0,0
296,1,0,1,0,0
297,1,0,1,0,0
298,1,0,1,0,0
299,1,0,1,0,0
300,1,0,1,0,0
301,1,0,1,0,0
302,1,0,1,0,0
303,1,0,1,0,0
304,1,0,1,0,0
305,1,0,1,0,0
306,1,0,1,0,0
307,1,0,1,0,0
308,1,0,1,0,0
309,1,0,1,0,0
310,1,0,1,0,0
311,1,0,1,0,0
312,1,0,1,0,0
313,1,0,1,0,0
314,1,0,1,0,0
315,1,0,1,0,0
316,1,0,1,0,0
317,1,0,1,0,0
318,1,0,1,0,0
319,1,0,1,0,0
320,1,0,1,0,0
321,1,0,1,0,0
322,1,0,1,0,0
323,1,0,1,0,0
324,1,0,1,0,0
325,1,0,1,0,0
326,2,1,1,0,0
327,2,1,1,0,0
328,2,1,1,0,0
329,2,1,1,0,0
330,2,1,1,0,0
331,2,1,1,0,0
332,2,1,1,0,0
333,2,1,1,0,0
334,2,1,1,0,0
335,2,1,1,0,0
336,2,1,1,0,0
337,2,1,1,0,0
338,2,1,1,0,0
339,2,1,1,0,0
340,2,1,1,0,0
341,2,1,1,0,0
342,2,1,1,0,0
343,2,1,1,0,0
344,2,1,1,0,0
345,2,1,1,0,0
346,2,1,1,0,0
347,2,1,1,0,0
348,2,1,1,0,0
349,2,1,1,0,0
350,2,1,1,0,0
351,2,1,1,0,0
352,2,1,1,0,0
353,2,1,1,0,0
354,2,1,1,0,0
355,2,1,1,0,0
356,2,1,1,0,0
357,2,1,1,0,0
358,2,1,1,0,0
359,2,1,1,0,0
360,2,1,1,0,0
361,2,1,1,0,0
362,2,1,1,0,0
363,2,1,1,0,0
364,2,1,1,0,0
365,2,1,1,0,0
366,2,1,1,0,0
367,2,1,1,0,0
368,2,1,1,0,0
369,2,1,1,0,0
370,2,1,1,0,0
371,2,1,1,0,0
372,2,1,1,0,0
373,2,1,1,0,0
374,2,1,1,0,0
375,2,1,1,0,0
376,2,1,1,0,0
377,2,1,1,0,0
378,2,1,1,0,0
379,2,1,1,0,0
380,2,1,1,0,0
381,2,1,1,0,0
382,2,1,1,0,0
383,2,1,1,0,0
384,2,1,1,0,0
385,2,1,1,0,0
386,2,1,1,0,0
387,2,1,1,0,0
388,2,1,1,0,0
389,2,1,1,0,0
390,2,1,1,0,0
391,2,1,1,0,0
392,2,1,1,0,0
393,2,1,1,0,0
394,2,1,1,0,0
395,2,1,1,0,0
396,2,1,1,0,0
397,2,1,1,0,0
398,2,1,1,0,0
399,2,1,1,0,0
400,2,1,1,0,0
401,2,1,1,0,0
402,2,1,1,0,0
403,2,1,1,0,0
404,2,1,1,0,0
405,3,2,1,0,0
406,3,2,1,0,0
407,3,2,1,0,0
408,3,2,1,0,0
409,3,2,1,0,0
410,3,2,1,0,0
411,3,2,1,0,0
412,3,2,1,0,0
413,3,2,1,0,0
414,3,2,1,0,0
415,3,2,1,0,0
416,3,2,1,0,0
417,3,2,1,0,0
418,3,2,1,0,0
419,3,2,1,0,0
420,3,2,1,0,0
421,3,2,1,0,0
422,3,2,1,0,0
423,3,2,1,0,0
424,3,2,1,0,0
425,3,2,1,0,0
426,3,2,1,0,0
427,3,2,1,0,0
428,3,2,1,0,0
429,3,2,1,0,0
430,3,2,1,0,0
431,3,2,1,0,0
432,3,2,1,0,0
433,3,2,1,0,0
434,3,2,1,0,0
435,3,2,1,0,0
436,3,2,1,0,0
437,3,2,1,0,0
438,3,2,1,0,0
439,3,2,1,0,0
440,3,2,1,0,0
441,3,2,1,0,0
442,3,2,1,0,0
443,3,2,1,0,0
444,3,2,1,0,0
445,3,2,1,0,0
446,3,2,1,0,0
447,3,2,1,0,0
448,3,2,1,0,0
449,3,2,1,0,0
450,3,2,1,0,0
451,3,2,1,0,0
452,3,2,1,0,0
453,3,2,1,0,0
454,3,2,1,0,0
455,3,2,1,0,0
456,3,2,1,0,0
457,3,2,1,0,0
458,3,2,1,0,0
459,3,2,1,0,0
460,3,2,1,0,0
461,3,2,1,0,0
462,3,2,1,0,0
463,3,2,1,0,0
464,3,2,1,0,0
465,3,2,1,0,0
466,3,2,1,0,0
467,3,2,1,0,0
468,3,2,1,0,0
469,3,2,1,0,0
470,3,2,1,0,0
471,3,2,1,0,0
472,3,2,1,0,0
473,3,2,1,0,0
474,3,2,1,0,0
475,3,2,1,0,0
476,3,2,1,0,0
477,3,2,1,0,0
478,3,2,1,0,0
479,3,2,1,0,0
480,3,2,1,0,0
481,3,2,1,0,0
482,3,2,1,0,0
483,3,2,1,0,0
484,3,2,1,0,0
485,4,3,1,0,0
486,4,3,1,0,0
487,4,3,1,0,0
488,4,3,1,0,0
489,4,3,1,0,0
490,4,3,1,0,0
491,4,3,1,0,0
492,4,3,1,0,0
493,4,3,1,0,0
494,4,3,1,0,0
495,4,3,1,0,0
496,4,3,1,0,0
497,4,3,1,0,0
498,4,3,1,0,0
499,4,3,1,0,0
500,4,3,1,0,0
501,4,3,1,0,0
502,4,3,1,0,0
503,4,3,1,0,0
504,4,3,1,0,0
505,4,3,1,0,0
506,4,3,1,0,0
507,4,3,1,0,0
508,4,3,1,0,0
509,4,3,1,0,0
510,4,3,1,0,0
511,4,3,1,0,0
512,4,3,1,0,0
513,4,3,1,0,0
514,4,3,1,0,0
515,4,3,1,0,0
516,4,3,1,0,0
517,4,3,1,0,0
518,4,3,1,0,0
519,4,3,1,0,0
520,4,3,1,0,0
521,4,3,1,0,0
522,4,3,1,0,0
523,4,3,1,0,0
524,4,3,1,0,0
525,4,3,1,0,0
526,4,3,1,0,0
527,4,3,1,0,0
528,4,3,1,0,0
529,4,3,1,0,0
530,4,3,1,0,0
531,4,3,1,0,0
532,4,3,1,0,0
533,4,3,1,0,0
534,4,3,1,0,0
535,4,3,1,0,0
536,4,3,1,0,0
537,4,3,1,0,0
538,4,3,1,0,0
539,4,3,1,0,0
540,4,3,1,0,0
541,4,3,1,0,0
542,4,3,1,0,0
543,4,3,1,0,0
544,4,3,1,0,0
545,4,3,1,0,0
546,4,3,1,0,0
547,4,3,1,0,0
548,4,3,1,0,0
549,4,3,1,0,0
550,4,3,1,0,0
551,4,3,1,0,0
552,4,3,1,0,0
553,4,3,1,0,0
554,4,3,1,0,0
555,4,3,1,0,0
556,4,3,1,0,0
557,4,3,1,0,0
558,4,3,1,0,0
559,4,3,1,0,0
560,4,3,1,0,0
561,4,3,1,0,0
562,4,3,1,0,0
563,4,3,1,0,0
564,4,3,1,0,0
565,4,3,1,0,0
566,4,3,1,0,0
567,4,3,1,0,0
568,4,3,1,0,0
569,4,3,1,0,0
570,4,3,1,0,0
571,4,3,1,0,0
572,4,3,1,0,0
573,4,3,1,0,0
574,4,3,1,0,0
575,4,3,1,0,0
576,4,3,1,0,0
577,4,3,1,0,0
578,4,3,1,0,0
579,4,3,1,0,0
580,4,3,1,0,0
581,4,3,1,0,0
582,4,3,1,0,0
583,4,3,1,0,0
584,4,3,1,0,0
585,4,3,1,0,0
586,4,3,1,0,0
587,4,3,1,0,0
588,4,3,1,0,0
589,4,3,1,0,0
590,4,3,1,0,0
591,4,3,1,0,0
592,4,3,1,0,0
593,4,3,1,0,0
594,4,3,1,0,0
595,4,3,1,0,0
596,4,3,1,0,0
597,4,3,1,0,0
598,4,3,1,0,0
599,4,3,1,0,0
600,4,3,1,0,0
601,4,3,1,0,0
602,4,3,1,0,0
603,4,3,1,0,0
604,4,3,1,0,0
605,4,3,1,0,0
606,4,3,1,0,0
607,4,3,1,0,0
608,4,3,1,0,0
609,4,3,1,0,0
610,4,3,1,0,0
611,4,3,1,0,0
612,4,3,1,0,0
613,4,3,1,0,0
614,4,3,1,0,0
615,4,3,1,0,0
616,4,3,1,0,0
617,4,3,1,0,0
618,4,3,1,0,0
619,4,3,1,0,0
620,4,3,1,0,0
621,4,3,1,0,0
622,4,3,1,0,0
623,4,3,1,0,0
624,4,3,1,0,0
625,4,3,1,0,0
626,4,3,1,0,0
627,4,3,1,0,0
628,4,3,1,0,0
629,4,3,1,0,0
630,4,3,1,0,0
631,4,3,1,0,0
632,4,3,1,0,0
633,4,3,1,0,0
634,4,3,1,0,0
635,4,3,1,0,0
636,4,3,1,0,0
637,4,3,1,0,0
638,4,3,1,0,0
639,4,3,1,0,0
640,4,3,1,0,0
641,4,3,1,0,0
642,4,3,1,0,0
643,4,3,1,0,0
644,4,3,1,0,0
645,4,3,1,0,0
646,4,3,1,0,0
647,4,3,1,0,0
648,4,3,1,0,0
649,4,3,1,0,0
650,4,3,1,0,0
651,4,3,1,0,0
652,4,3,1,0,0
653,4,3,1,0,0
654,4,3,1,0,0
655,4,3,1,0,0
656,4,3,1,0,0
657,4,3,1,0,0
658,4,3,1,0,0
659,4,3,1,0,0
660,4,3,1,0,0
661,4,3,1,0,0
662,4,3,1,0,0
663,4,3,1,0,0
664,4,3,1,0,0
665,4,3,1,0,0
666,4,3,1,0,0
667,4,3,1,0,0
668,4,3,1,0,0
669,4,3,1,0,0
670,4,3,1,0,0
671,4,3,1,0,0
672,4,3,1,0,0
673,4,3,1,0,0
674,4,3,1,0,0
675,4,3,1,0,0
676,4,3,1,0,0
677,4,3,1,0,0
678,4,3,1,0,0
679,4,3,1,0,0
680,4,3,1,0,0
681,4,3,1,0,0
682,4,3,1,0,0
683,5,4,1,0,0
684,5,4,1,0,0
685,5,4,1,0,0
686,5,4,1,0,0
687,5,4,1,0,0
688,5,4,1,0,0
689,6,5,1,0,0
690,6,5,1,0,0
691,6,5,1,0,0
692,6,5,1,0,0
693,6,5,1,0,0
694,6,5,1,0,0
695,6,5,1,0,0
696,6,5,1,0,0
697,6,5,1,0,0
698,6,5,1,0,0
699,6,5,1,0,0
700,6,5,1,0,0
701,6,5,1,0,0
702,6,5,1,0,0
703,6,5,1,0,0
704,6,5,1,0,0
705,6,5,1,0,0
706,6,5,1,0,0
707,6,5,1,0,0
708,6,5,1,0,0
709,6,5,1,0,0
710,6,5,1,0,0
711,6,5,1,0,0
712,6,5,1,0,0
713,6,5,1,0,0
714,6,5,1,0,0
715,6,5,1,0,0
716,6,5,1,0,0
717,6,5,1,0,0
718,6,5,1,0,0
719,6,5,1,0,0
720,6,5,1,0,0
721,6,5,1,0,0
722,6,5,1,0,0
723,6,5,1,0,0
724,6,5,1,0,0
725,6,5,1,0,0
726,6,5,1,0,0
727,6,5,1,0,0
728,6,5,1,0,0
729,6,5,1,0,0
730,6,5,1,0,0
731,6,5,1,0,0
732,6,5,1,0,0
733,6,5,1,0,0
734,6,5,1,0,0
735,6,5,1,0,0
736,6,5,1,0,0
737,6,5,1,0,0
738,6,5,1,0,0
739,6,5,1,0,0
740,6,5,1,0,0
741,6,5,1,0,0
742,6,5,1,0,0
743,6,5,1,0,0
744,6,5,1,0,0
745,6,5,1,0,0
746,6,5,1,0,0
747,6,5,1,0,0
748,6,5,1,0,0
749,6,5,1,0,0
750,6,5,1,0,0
751,6,5,1,0,0
752,6,5,1,0,0
753,6,5,1,0,0
754,6,5,1,0,0
755,6,5,1,0,0
756,6,5,1,0,0
757,6,5,1,0,0
758,6,5,1,0,0
759,6,5,1,0,0
760,6,5,1,0,0
761,6,5,1,0,0
762,6,5,1,0,0
763,6,5,1,0,0
764,6,5,1,0,0
765,6,5,1,0,0
766,6,5,1,0,0
767,6,5,1,0,0
768,6,5,1,0,0
769,7,6,1,0,0
770,7,6,1,0,0
771,7,6,1,0,0
772,7,6,1,0,0
773,7,6,1,0,0
774,7,6,1,0,0
775,7,6,1,0,0
776,7,6,1,0,0
777,7,6,1,0,0
778,7,6,1,0,0
779,7,6,1,0,0
780,7,6,1,0,0
781,7,6,1,0,0
782,7,6,1,0,0
783,7,6,1,0,0
784,7,6,1,0,0
785,7,6,1,0,0
786,7,6,1,0,0
787,7,6,1,0,0
788,7,6,1,0,0
789,7,6,1,0,0
790,7,6,1,0,0
791,7,6,1,0,0
792,7,6,1,0,0
793,7,6,1,0,0
794,7,6,1,0,0
795,7,6,1,0,0
796,7,6,1,0,0
797,7,6,1,0,0
798,7,6,1,0,0
799,7,6,1,0,0
800,7,6,1,0,0
801,7,6,1,0,0
802,7,6,1,0,0
803,7,6,1,0,0
804,7,6,1,0,0
805,7,6,1,0,0
806,7,6,1,0,0
807,7,6,1,0,0
808,7,6,1,0,0
809,7,6,1,0,0
810,7,6,1,0,0
811,7,6,1,0,0
812,7,6,1,0,0
813,7,6,1,0,0
814,7,6,1,0,0
815,7,6,1,0,0
816,7,6,1,0,0
817,7,6,1,0,0
818,7,6,1,0,0
819,7,6,1,0,0
820,7,6,1,0,0
821,7,6,1,0,0
822,7,6,1,0,0
823,7,6,1,0,0
824,7,6,1,0,0
825,7,6,1,0,0
826,7,6,1,0,0
827,7,6,1,0,0
828,7,6,1,0,0
829,7,6,1,0,0
830,7,6,1,0,0
831,7,6,1,0,0
832,7,6,1,0,0
833,7,6,1,0,0
834,7,6,1,0,0
835,7,6,1,0,0
836,7,6,1,0,0
837,7,6,1,0,0
838,7,6,1,0,0
839,7,6,1,0,0
840,7,6,1,0,0
841,7,6,1,0,0
842,7,6,1,0,0
843,7,6,1,0,0
844,7,6,1,0,0
845,7,6,1,0,0
846,7,6,1,0,0
847,7,6,1,0,0
848,7,6,1,0,0
849,7,6,1,0,0
850,7,6,1,0,0
851,7,6,1,0,0
852,7,6,1,0,0
853,7,6,1,0,0
854,7,6,1,0,0
855,7,6,1,0,0
856,7,6,1,0,0
857,7,6,1,0,0
858,7,6,1,0,0
859,7,6,1,0,0
860,7,6,1,0,0
861,7,6,1,0,0
862,7,6,1,0,0
863,7,6,1,0,0
864,7,6,1,0,0
865,7,6,1,0,0
866,7,6,1,0,0
867,7,6,1,0,0
868,7,6,1,0,0
869,7,6,1,0,0
870,7,6,1,0,0
871,7,6,1,0,0
872,7,6,1,0,0
873,7,6,1,0,0
874,7,6,1,0,0
875,7,6,1,0,0
876,7,6,1,0,0
877,7,6,1,0,0
878,7,6,1,0,0
879,7,6,1,0,0
880,7,6,1,0,0
881,7,6,1,0,0
882,7,6,1,0,0
883,7,6,1,0,0
884,7,6,1,0,0
885,7,6,1,0,0
886,7,6,1,0,0
887,7,6,1,0,0
888,7,6,1,0,0
889,7,6,1,0,0
890,7,6,1,0,0
891,7,6,1,0,0
892,7,6,1,0,0
893,7,6,1,0,0
894,7,6,1,0,0
895,7,6,1,0,0
896,7,6,1,0,0
897,7,6,1,0,0
898,7,6,1,0,0
899,7,6,1,0,0
900,7,6,1,0,0
901,7,6,1,0,0
902,7,6,1,0,0
903,7,6,1,0,0
904,7,6,1,0,0
905,7,6,1,0,0
906,7,6,1,0,0
907,7,6,1,0,0
908,7,6,1,0,0
909,7,6,1,0,0
910,7,6,1,0,0
911,7,6,1,0,0
912,7,6,1,0,0
913,7,6,1,0,0
914,7,6,1,0,0
915,7,6,1,0,0
916,7,6,1,0,0
917,7,6,1,0,0
918,7,6,1,0,0
919,7,6,1,0,0
920,7,6,1,0,0
921,7,6,1,0,0
922,7,6,1,0,0
923,7,6,1,0,0
924,7,6,1,0,0
925,7,6,1,0,0
926,7,6,1,0,0
927,7,6,1,0,0
928,7,6,1,0,0
929,7,6,1,0,0
930,7,6,1,0,0
931,7,6,1,0,0
932,7,6,1,0,0
933,7,6,1,0,0
934,7,6,1,0,0
935,7,6,1,0,0
936,7,6,1,0,0
937,7,6,1,0,0
938,7,6,1,0,0
939,7,6,1,0,0
940,7,6,1,0,0
941,7,6,1,0,0
942,7,6,1,0,0
943,7,6,1,0,0
944,7,6,1,0,0
945,7,6,1,0,0
946,7,6,1,0,0
947,7,6,1,0,0
948,7,6,1,0,0
949,7,6,1,0,0
950,7,6,1,0,0
951,7,6,1,0,0
952,7,6,1,0,0
953,7,6,1,0,0
954,7,6,1,0,0
955,7,6,1,0,0
956,7,6,1,0,0
957,7,6,1,0,0
958,7,6,1,0,0
959,7,6,1,0,0
960,7,6,1,0,0
961,7,6,1,0,0
962,7,6,1,0,0
963,7,6,1,0,0
964,7,6,1,0,0
965,7,6,1,0,0
966,7,6,1,0,0
967,7,6,1,0,0
968,7,6,1,0,0
969,7,6,1,0,0
970,7,6,1,0,0
971,7,6,1,0,0
972,7,6,1,0,0
973,7,6,1,0,0
974,7,6,1,0,0
975,7,6,1,0,0
976,7,6,1,0,0
977,7,6,1,0,0
978,7,6,1,0,0
979,7,6,1,0,0
980,7,6,1,0,0
981,7,6,1,0,0
982,7,6,1,0,0
983,7,6,1,0,0
984,7,6,1,0,0
985,7,6,1,0,0
986,8,7,1,0,0
987,8,7,1,0,0
988,8,7,1,0,0
989,8,7,1,0,0
990,8,7,1,0,0
991,8,7,1,0,0
992,8,7,1,0,0
993,8,7,1,0,0
994,8,7,1,0,0
995,8,7,1,0,0
996,8,7,1,0,0
997,8,7,1,0,0
998,8,7,1,0,0
999,8,7,1,0,0
1000,8,7,1,0,0
1001,8,7,1,0,0
1002,8,7,1,0,0
1003,8,7,1,0,0
1004,8,7,1,0,0
1005,8,7,1,0,0
1006,8,7,1,0,0
1007,8,7,1,0,0
1008,8,7,1,0,0
1009,8,7,1,0,0
1010,8,7,1,0,0
1011,8,7,1,0,0
1012,8,7,1,0,0
1013,8,7,1,0,0
1014,8,7,1,0,0
1015,8,7,1,0,0
1016,8,7,1,0,0
1017,8,7,1,0,0
1018,8,7,1,0,0
1019,8,7,1,0,0
1020,8,7,1,0,0
1021,8,7,1,0,0
1022,8,7,1,0,0
1023,8,7,1,0,0
1024,8,7,1,0,0
1025,8,7,1,0,0
1026,8,7,1,0,0
1027,8,7,1,0,0
1028,8,7,1,0,0
1029,8,7,1,0,0
1030,8,7,1,0,0
1031,8,7,1,0,0
1032,8,7,1,0,0
1033,8,7,1,0,0
1034,8,7,1,0,0
1035,8,7,1,0,0
1036,8,7,1,0,0
1037,8,7,1,0,0
1038,8,7,1,0,0
1039,8,7,1,0,0
1040,8,7,1,0,0
1041,8,7,1,0,0
1042,8,7,1,0,0
1043,8,7,1,0,0
1044,8,7,1,0,0
1045,8,7,1,0,0
1046,8,7,1,0,0
1047,8,7,1,0,0
1048,8,7,1,0,0
1049,8,7,1,0,0
1050,8,7,1,0,0
1051,8,7,1,0,0
1052,8,7,1,0,0
1053,8,7,1,0,0
1054,8,7,1,0,0
1055,8,7,1,0,0
1056,8,7,1,0,0
1057,8,7,1,0,0
1058,8,7,1,0,0
1059,8,7,1,0,0
1060,8,7,1,0,0
1061,8,7,1,0,0
1062,8,7,1,0,0
1063,8,7,1,0,0
1064,8,7,1,0,0
1065,8,7,1,0,0
1066,8,7,1,0,0
1067,8,7,1,0,0
1068,8,7,1,0,0
1069,8,7,1,0,0
1070,8,7,1,0,0
1071,8,7,1,0,0
1072,8,7,1,0,0
1073,8,7,1,0,0
1074,8,7,1,0,0
1075,8,7,1,0,0
1076,8,7,1,0,0
1077,8,7,1,0,0
1078,8,7,1,0,0
1079,8,7,1,0,0
1080,8,7,1,0,0
1081,8,7,1,0,0
1082,8,7,1,0,0
1083,8,7,1,0,0
1084,8,7,1,0,0
1085,8,7,1,0,0
1086,8,7,1,0,0
1087,8,7,1,0,0
1088,8,7,1,0,0
1089,8,7,1,0,0
1090,8,7,1,0,0
1091,8,7,1,0,0
1092,8,7,1,0,0
1093,8,7,1,0,0
1094,8,7,1,0,0
1095,8,7,1,0,0
1096,8,7,1,0,0
1097,8,7,1,0,0
1098,8,7,1,0,0
1099,8,7,1,0,0
1100,8,7,1,0,0
1101,8,7,1,0,0
1102,8,7,1,0,0
1103,8,7,1,0,0
1104,8,7,1,0,0
1105,8,7,1,0,0
1106,8,7,1,0,0
1107,8,7,1,0,0
1108,8,7,1,0,0
1109,8,7,1,0,0
1110,8,7,1,0,0
1111,8,7,1,0,0
1112,8,7,1,0,0
1113,8,7,1,0,0
1114,8,7,1,0,0
1115,8,7,1,0,0
1116,9,8,1,0,0
1117,9,8,1,0,0
1118,9,8,1,0,0
1119,9,8,1,0,0
1120,9,8,1,0,0
1121,9,8,1,0,0
1122,9,8,1,0,0
1123,9,8,1,0,0
1124,9,8,1,0,0
1125,9,8,1,0,0
1126,9,8,1,0,0
1127,9,8,1,0,0
1128,9,8,1,0,0
1129,10,9,1,0,0
1130,10,9,1,0,0
1131,10,9,1,0,0
1132,10,9,1,0,0
1133,10,9,1,0,0
1134,10,9,1,0,0
1135,11,10,1,0,0
1136,11,10,1,0,0
1137,11,10,1,0,0
1138,11,10,1,0,0
1139,11,10,1,0,0
1140,11,10,1,0,0
1141,11,10,1,0,0
1142,11,10,1,0,0
1143,11,10,1,0,0
1144,11,10,1,0,0
1145,11,10,1,0,0
1146,11,10,1,0,0
1147,11,10,1,0,0
1148,11,10,1,0,0
1149,12,11,1,0,0
1150,12,11,1,0,0
1151,12,11,1,0,0
1152,12,11,1,0,0
1153,12,11,1,0,0
1154,12,11,1,0,0
1155,12,11,1,0,0
1156,12,11,1,0,0
1157,12,11,1,0,0
1158,12,11,1,0,0
1159,12,11,1,0,0
1160,12,11,1,0,0
1161,12,10,0,1,0
1162,12,10,1,1,0
1163,12,10,1,1,0
1164,12,10,1,1,0
1165,12,10,1,1,0
1166,12,10,1,1,0
1167,12,10,1,1,0
1168,12,10,1,1,0
1169,12,10,1,1,0
1170,12,10,1,1,0
1171,12,10,1,1,0
1172,12,10,1,1,0
1173,12,10,1,1,0
1174,12,10,1,1,0
1175,12,10,1,1,0
1176,12,10,1,1,0
1177,12,10,1,1,0
1178,12,10,1,1,0
1179,12,10,1,1,0
1180,12,10,1,1,0
1181,12,10,1,1,0
1182,12,10,1,1,0
1183,12,10,1,1,0
1184,12,10,1,1,0
1185,12,10,1,1,0
1186,12,10,1,1,0
1187,12,10,1,1,0
1188,12,10,1,1,0
1189,12,10,1,1,0
1190,12,10,1,1,0
1191,12,10,1,1,0
1192,12,10,1,1,0
1193,12,10,1,1,0
1194,12,10,1,1,0
1195,12,10,1,1,0
1196,12,10,1,1,0
1197,12,10,1,1,0
1198,12,10,1,1,0
1199,12,10,1,1,0
1200,12,10,1,1,0
1201,12,10,1,1,0
1202,12,10,1,1,0
1203,12,10,1,1,0
1204,12,10,1,1,0
1205,12,10,1,1,0
1206,12,10,1,1,0
1207,12,10,1,1,0
1208,12,10,1,1,0
1209,12,10,1,1,0
1210,12,10,1,1,0
1211,12,10,1,1,0
1212,12,10,1,1,0
1213,12,10,1,1,0
1214,12,10,1,1,0
1215,12,10,1,1,0
1216,12,10,1,1,0
1217,12,10,1,1,0
1218,12,10,1,1,0
1219,12,10,1,1,0
1220,12,10,1,1,0
1221,12,10,1,1,0
1222,12,10,1,1,0
1223,12,10,1,1,0
1224,12,10,1,1,0
1225,12,10,1,1,0
1226,12,10,1,1,0
1227,12,10,1,1,0
1228,12,10,1,1,0
1229,12,10,1,1,0
1230,12,10,1,1,0
1231,12,10,1,1,0
1232,12,10,1,1,0
1233,12,10,1,1,0
1234,12,10,1,1,0
1235,12,10,1,1,0
1236,12,10,1,1,0
1237,12,10,1,1,0
1238,12,10,1,1,0
1239,12,10,1,1,0
1240,12,10,1,1,0
1241,12,10,1,1,0
1242,12,10,1,1,0
1243,12,10,1,1,0
1244,12,10,1,1,0
1245,12,10,1,1,0
1246,12,10,1,1,0
1247,12,10,1,1,0
1248,12,10,1,1,0
1249,12,10,1,1,0
1250,12,10,1,1,0
1251,12,10,1,1,0
1252,12,10,1,1,0
1253,12,10,1,1,0
1254,12,10,1,1,0
1255,12,10,1,1,0
1256,12,10,1,1,0
1257,12,10,1,1,0
1258,12,10,1,1,0
1259,12,10,1,1,0
1260,12,10,1,1,0
1261,12,10,1,1,0
1262,12,10,1,1,0
1263,12,10,1,1,0
1264,12,10,1,1,0
1265,12,10,1,1,0
1266,12,10,1,1,0
1267,12,10,1,1,0
1268,12,10,1,1,0
1269,12,10,1,1,0
1270,12,10,1,1,0
1271,12,10,1,1,0
1272,12,10,1,1,0
1273,12,10,1,1,0
1274,12,10,1,1,0
1275,12,10,1,1,0
1276,12,10,1,1,0
1277,12,10,1,1,0
1278,12,10,1,1,0
1279,12,10,1,1,0
1280,12,10,1,1,0
1281,12,10,1,1,0
1282,12,10,1,1,0
1283,12,10,1,1,0
1284,12,10,1,1,0
1285,12,10,1,1,0
1286,12,10,1,1,0
1287,12,10,1,1,0
1288,12,10,1,1,0
1289,12,10,1,1,0
1290,12,10,1,1,0
1291,12,10,1,1,0
1292,12,10,1,1,0
1293,12,10,1,1,0
1294,12,10,1,1,0
1295,12,10,1,1,0
1296,12,10,1,1,0
1297,12,10,1,1,0
1298,12,10,1,1,0
1299,12,10,1,1,0
1300,12,10,1,1,0
1301,12,10,1,1,0
1302,12,10,1,1,0
1303,12,10,1,1,0
1304,12,10,1,1,0
1305,12,10,1,1,0
1306,12,10,1,1,0
1307,12,10,1,1,0
1308,12,10,1,1,0
1309,12,10,1,1,0
1310,12,10,1,1,0
1311,12,10,1,1,0
1312,12,10,1,1,0
1313,12,10,1,1,0
1314,12,10,1,1,0
1315,12,10,1,1,0
1316,12,10,1,1,0
1317,12,10,1,1,0
1318,12,10,1,1,0
1319,12,10,1,1,0
1320,12,10,1,1,0
1321,12,10,1,1,0
1322,12,10,1,1,0
1323,12,10,1,1,0
1324,12,10,1,1,0
1325,12,10,1,1,0
1326,12,10,1,1,0
1327,12,10,1,1,0
1328,12,10,1,1,0
1329,12,10,1,1,0
1330,12,10,1,1,0
1331,12,10,1,1,0
1332,12,10,1,1,0
1333,12,10,1,1,0
1334,12,10,1,1,0
1335,12,10,1,1,0
1336,12,10,1,1,0
1337,12,10,1,1,0
1338,12,10,1,1,0
1339,12,10,1,1,0
1340,12,10,1,1,0
1341,12,10,1,1,0
1342,12,10,1,1,0
1343,12,10,1,1,0
1344,12,10,1,1,0
1345,12,10,1,1,0
1346,12,10,1,1,0
1347,12,10,1,1,0
1348,12,10,1,1,0
1349,12,10,1,1,0
1350,12,10,1,1,0
1351,12,10,1,1,0
1352,12,10,1,1,0
1353,12,10,1,1,0
1354,12,10,1,1,0
1355,12,10,1,1,0
1356,12,10,1,1,0
1357,12,10,1,1,0
1358,12,10,1,1,0
1359,12,10,1,1,0
1360,12,10,1,1,0
1361,12,10,1,1,0
1362,12,10,1,1,0
1363,12,10,1,1,0
1364,12,10,1,1,0
1365,12,10,1,1,0
1366,12,10,1,1,0
1367,12,10,1,1,0
1368,12,10,1,1,0
1369,12,10,1,1,0
1370,12,10,1,1,0
1371,12,10,1,1,0
1372,12,10,1,1,0
1373,12,10,1,1,0
1374,12,10,1,1,0
1375,12,10,1,1,0
1376,12,10,1,1,0
1377,12,10,1,1,0
1378,12,10,1,1,0
1379,12,10,1,1,0
1380,12,10,1,1,0
1381,12,10,1,1,0
1382,12,10,1,1,0
1383,12,10,1,1,0
1384,12,10,1,1,0
1385,12,10,1,1,0
1386,12,10,1,1,0
1387,12,10,1,1,0
1388,12,10,1,1,0
1389,12,10,1,1,0
1390,12,10,1,1,0
1391,12,10,1,1,0
1392,12,10,1,1,0
1393,12,10,1,1,0
1394,12,10,1,1,0
1395,12,10,1,1,0
1396,12,10,1,1,0
1397,12,10,1,1,0
1398,12,10,1,1,0
1399,12,10,1,1,0
1400,12,10,1,1,0
1401,12,10,1,1,0
1402,12,10,1,1,0
1403,12,10,1,1,0
1404,12,10,1,1,0
1405,12,10,1,1,0
1406,12,10,1,1,0
1407,12,10,1,1,0
1408,12,10,1,1,0
1409,12,10,1,1,0
1410,12,10,1,1,0
1411,12,10,1,1,0
1412,12,10,1,1,0
1413,12,10,1,1,0
1414,12,10,1,1,0
1415,12,10,1,1,0
1416,12,10,1,1,0
1417,12,10,1,1,0
1418,12,10,1,1,0
1419,12,10,1,1,0
1420,12,10,1,1,0
1421,12,10,1,1,0
1422,12,10,1,1,0
1423,12,10,1,1,0
1424,12,10,1,1,0
1425,12,10,1,1,0
1426,12,10,1,1,0
1427,12,10,1,1,0
1428,12,10,1,1,0
1429,12,10,1,1,0
1430,12,10,1,1,0
1431,12,10,1,1,0
1432,12,10,1,1,0
1433,12,10,1,1,0
1434,12,10,1,1,0
1435,12,10,1,1,0
1436,12,10,1,1,0
1437,12,10,1,1,0
1438,12,10,1,1,0
1439,12,10,1,1,0
1440,12,10,1,1,0
1441,12,10,1,1,0
1442,12,10,1,1,0
1443,12,10,1,1,0
1444,12,10,1,1,0
1445,12,10,1,1,0
1446,12,10,1,1,0
1447,12,10,1,1,0
1448,12,10,1,1,0
1449,12,10,1,1,0
1450,12,10,1,1,0
1451,12,10,1,1,0
1452,12,10,1,1,0
1453,12,10,1,1,0
1454,12,10,1,1,0
1455,12,10,1,1,0
1456,12,10,1,1,0
1457,12,10,1,1,0
1458,12,10,1,1,0
1459,12,10,1,1,0
1460,12,10,1,1,0
1461,12,10,1,1,0
1462,12,10,1,1,0
1463,12,10,1,1,0
1464,12,10,1,1,0
1465,12,10,1,1,0
1466,12,10,1,1,0
1467,12,10,1,1,0
1468,12,10,1,1,0
1469,12,10,1,1,0
1470,12,10,1,1,0
1471,12,10,1,1,0
1472,12,10,1,1,0
1473,12,10,1,1,0
1474,12,10,1,1,0
1475,12,10,1,1,0
1476,12,10,1,1,0
1477,12,10,1,1,0
1478,12,10,1,1,0
1479,12,10,1,1,0
1480,12,10,1,1,0
1481,12,10,1,1,0
1482,13,11,1,1,0
1483,13,11,1,1,0
1484,13,11,1,1,0
1485,13,11,1,1,0
1486,13,11,1,1,0
1487,13,11,1,1,0
1488,13,11,1,1,0
1489,13,11,1,1,0
1490,13,11,1,1,0
1491,13,11,1,1,0
1492,13,11,1,1,0
1493,13,11,1,1,0
1494,13,11,1,1,0
1495,13,11,1,1,0
1496,13,11,1,1,0
1497,13,11,1,1,0
1498,13,11,1,1,0
1499,13,11,1,1,0
1500,13,11,1,1,0
1501,13,11,1,1,0
1502,13,11,1,1,0
1503,13,11,1,1,0
1504,13,11,1,1,0
1505,13,11,1,1,0
1506,13,11,1,1,0
1507,13,11,1,1,0
1508,13,11,1,1,0
1509,13,11,1,1,0
1510,13,11,1,1,0
1511,13,11,1,1,0
1512,13,11,1,1,0
1513,13,11,1,1,0
1514,13,11,1,1,0
1515,13,11,1,1,0
1516,13,11,1,1,0
1517,13,11,1,1,0
1518,13,11,1,1,0
1519,13,11,1,1,0
1520,13,11,1,1,0
1521,13,11,1,1,0
1522,13,11,1,1,0
1523,13,11,1,1,0
1524,13,11,1,1,0
1525,13,11,1,1,0
1526,13,11,1,1,0
1527,13,11,1,1,0
1528,13,11,1,1,0
1529,13,11,1,1,0
1530,13,11,1,1,0
1531,13,11,1,1,0
1532,13,11,1,1,0
1533,13,11,1,1,0
1534,13,11,1,1,0
1535,13,11,1,1,0
1536,13,11,1,1,0
1537,13,11,1,1,0
1538,13,11,1,1,0
1539,13,11,1,1,0
1540,13,11,1,1,0
1541,13,11,1,1,0
1542,13,11,1,1,0
1543,14,12,1,1,0
1544,14,12,1,1,0
1545,14,12,1,1,0
1546,14,12,1,1,0
1547,14,12,1,1,0
1548,14,12,1,1,0
1549,14,12,1,1,0
1550,14,12,1,1,0
1551,14,12,1,1,0
1552,14,12,1,1,0
1553,14,12,1,1,0
1554,14,12,1,1,0
1555,14,12,1,1,0
1556,14,12,1,1,0
1557,14,12,1,1,0
1558,14,12,1,1,0
1559,14,12,1,1,0
1560,14,12,1,1,0
1561,14,12,1,1,0
1562,14,12,1,1,0
1563,14,12,1,1,0
1564,14,12,1,1,0
1565,14,12,1,1,0
1566,14,12,1,1,0
1567,14,12,1,1,0
1568,14,12,1,1,0
1569,14,12,1,1,0
1570,14,12,1,1,0
1571,14,12,1,1,0
1572,14,12,1,1,0
1573,14,12,1,1,0
1574,14,12,1,1,0
1575,14,12,1,1,0
1576,14,12,1,1,0
1577,14,12,1,1,0
1578,14,12,1,1,0
1579,14,12,1,1,0
1580,14,12,1,1,0
1581,14,12,1,1,0
1582,14,12,1,1,0
1583,14,12,1,1,0
1584,14,12,1,1,0
1585,14,12,1,1,0
1586,14,12,1,1,0
1587,14,12,1,1,0
1588,14,12,1,1,0
1589,14,12,1,1,0
1590,14,12,1,1,0
1591,14,12,1,1,0
1592,14,12,1,1,0
1593,14,12,1,1,0
1594,14,12,1,1,0
1595,14,12,1,1,0
1596,14,12,1,1,0
1597,14,12,1,1,0
1598,14,12,1,1,0
1599,14,12,1,1,0
1600,14,12,1,1,0
1601,14,12,1,1,0
1602,14,12,1,1,0
1603,14,12,1,1,0
1604,14,12,1,1,0
1605,14,12,1,1,0
1606,14,12,1,1,0
1607,14,12,1,1,0
1608,14,12,1,1,0
1609,14,12,1,1,0
1610,14,12,1,1,0
1611,14,12,1,1,0
1612,14,12,1,1,0
1613,14,12,1,1,0
1614,14,12,1,1,0
1615,14,12,1,1,0
1616,14,12,1,1,0
1617,14,12,1,1,0
1618,14,12,1,1,0
1619,14,12,1,1,0
1620,14,12,1,1,0
1621,14,12,1,1,0
1622,14,12,1,1,0
1623,14,12,1,1,0
1624,14,12,1,1,0
1625,14,12,1,1,0
1626,14,12,1,1,0
1627,14,12,1,1,0
1628,14,12,1,1,0
1629,14,12,1,1,0
1630,14,12,1,1,0
1631,14,12,1,1,0
1632,14,12,1,1,0
1633,14,12,1,1,0
1634,14,12,1,1,0
1635,14,12,1,1,0
1636,14,12,1,1,0
1637,14,12,1,1,0
1638,14,12,1,1,0
1639,14,12,1,1,0
1640,14,12,1,1,0
1641,14,12,1,1,0
1642,14,12,1,1,0
1643,14,12,1,1,0
1644,14,12,1,1,0
1645,14,12,1,1,0
1646,14,12,1,1,0
1647,14,12,1,1,0
1648,14,12,1,1,0
1649,14,12,1,1,0
1650,14,12,1,1,0
1651,14,12,1,1,0
1652,14,12,1,1,0
1653,14,12,1,1,0
1654,14,12,1,1,0
1655,14,12,1,1,0
1656,14,12,1,1,0
1657,14,12,1,1,0
1658,14,11,0,2,0
1659,14,11,1,2,0
1660,14,11,1,2,0
1661,14,11,1,2,0
1662,14,11,1,2,0
1663,14,11,1,2,0
1664,14,11,1,2,0
1665,14,11,1,2,0
1666,14,11,1,2,0
1667,14,11,1,2,0
1668,14,11,1,2,0
1669,14,11,1,2,0
1670,14,11,1,2,0
1671,14,11,1,2,0
1672,14,11,1,2,0
1673,14,11,1,2,0
1674,14,11,1,2,0
1675,14,11,1,2,0
1676,14,11,1,2,0
1677,14,11,1,2,0
1678,14,11,1,2,0
1679,14,11,1,2,0
1680,14,11,1,2,0
1681,14,11,1,2,0
1682,14,11,1,2,0
1683,14,11,1,2,0
1684,14,11,1,2,0
1685,14,11,1,2,0
1686,14,11,1,2,0
1687,14,11,1,2,0
1688,14,11,1,2,0
1689,14,11,1,2,0
1690,14,11,1,2,0
1691,14,11,1,2,0
1692,14,11,1,2,0
1693,14,11,1,2,0
1694,14,11,1,2,0
1695,14,11,1,2,0
1696,14,11,1,2,0
1697,14,11,1,2,0
1698,14,11,1,2,0
1699,14,11,1,2,0
1700,14,11,1,2,0
1701,14,11,1,2,0
1702,14,11,1,2,0
1703,14,11,1,2,0
1704,14,11,1,2,0
1705,14,11,1,2,0
1706,14,11,1,2,0
1707,14,11,1,2,0
1708,14,11,1,2,0
1709,14,11,1,2,0
1710,14,11,1,2,0
1711,14,11,1,2,0
1712,14,11,1,2,0
1713,14,11,1,2,0
1714,14,11,1,2,0
1715,14,11,1,2,0
1716,14,11,1,2,0
1717,14,11,1,2,0
1718,14,11,1,2,0
1719,14,11,1,2,0
1720,14,11,1,2,0
1721,14,11,1,2,0
1722,14,11,1,2,0
1723,14,11,1,2,0
1724,14,11,1,2,0
1725,14,11,1,2,0
1726,14,11,1,2,0
1727,14,11,1,2,0
1728,14,11,1,2,0
1729,14,11,1,2,0
1730,14,11,1,2,0
1731,14,11,1,2,0
1732,14,11,1,2,0
1733,14,11,1,2,0
1734,14,11,1,2,0
1735,14,11,1,2,0
1736,14,11,1,2,0
1737,14,11,1,2,0
1738,14,11,1,2,0
1739,14,11,1,2,0
1740,14,11,1,2,0
1741,14,11,1,2,0
1742,14,11,1,2,0
1743,14,11,1,2,0
1744,14,11,1,2,0
1745,14,11,1,2,0
1746,14,11,1,2,0
1747,14,11,1,2,0
1748,14,11,1,2,0
1749,14,11,1,2,0
1750,14,11,1,2,0
1751,14,11,1,2,0
1752,14,11,1,2,0
1753,14,11,1,2,0
1754,14,11,1,2,0
1755,14,11,1,2,0
1756,14,11,1,2,0
1757,14,11,1,2,0
1758,14,11,1,2,0
1759,14,11,1,2,0
1760,14,11,1,2,0
1761,14,11,1,2,0
1762,14,11,1,2,0
1763,14,11,1,2,0
1764,14,11,1,2,0
1765,14,11,1,2,0
1766,14,11,1,2,0
1767,14,11,1,2,0
1768,14,11,1,2,0
1769,14,11,1,2,0
1770,14,11,1,2,0
1771,14,11,1,2,0
1772,14,11,1,2,0
1773,14,11,1,2,0
1774,14,11,1,2,0
1775,14,11,1,2,0
1776,14,11,1,2,0
1777,15,12,1,2,0
1778,15,12,1,2,0
1779,15,12,1,2,0
1780,15,12,1,2,0
1781,15,12,1,2,0
1782,15,12,1,2,0
1783,15,12,1,2,0
1784,16,13,1,2,0
1785,16,13,1,2,0
1786,16,13,1,2,0
1787,16,13,1,2,0
1788,16,13,1,2,0
1789,16,13,1,2,0
1790,16,13,1,2,0
1791,16,13,1,2,0
1792,16,13,1,2,0
1793,16,13,1,2,0
1794,16,13,1,2,0
1795,16,13,1,2,0
1796,16,13,1,2,0
1797,16,13,1,2,0
1798,16,13,1,2,0
1799,16,13,1,2,0
1800,16,13,1,2,0
1801,16,13,1,2,0
1802,16,13,1,2,0
1803,16,13,1,2,0
1804,16,13,1,2,0
1805,16,13,1,2,0
1806,16,13,1,2,0
1807,16,13,1,2,0
1808,16,13,1,2,0
1809,16,13,1,2,0
1810,16,13,1,2,0
1811,16,13,1,2,0
1812,16,13,1,2,0
1813,16,13,1,2,0
1814,16,13,1,2,0
1815,16,13,1,2,0
1816,16,13,1,2,0
1817,16,13,1,2,0
1818,16,13,1,2,0
1819,16,13,1,2,0
1820,16,13,1,2,0
1821,16,13,1,2,0
1822,16,13,1,2,0
1823,16,13,1,2,0
1824,16,13,1,2,0
1825,16,13,1,2,0
1826,16,13,1,2,0
1827,16,13,1,2,0
1828,16,13,1,2,0
1829,16,13,1,2,0
1830,16,13,1,2,0
1831,16,13,1,2,0
1832,16,13,1,2,0
1833,16,13,1,2,0
1834,16,13,1,2,0
1835,16,13,1,2,0
1836,16,13,1,2,0
1837,16,13,1,2,0
1838,16,13,1,2,0
1839,16,13,1,2,0
1840,16,13,1,2,0
1841,16,13,1,2,0
1842,16,13,1,2,0
1843,16,13,1,2,0
1844,16,13,1,2,0
1845,16,13,1,2,0
1846,16,13,1,2,0
1847,16,13,1,2,0
1848,16,13,1,2,0
1849,16,13,1,2,0
1850,16,13,1,2,0
1851,16,13,1,2,0
1852,16,13,1,2,0
1853,16,13,1,2,0
1854,16,13,1,2,0
1855,16,13,1,2,0
1856,16,13,1,2,0
1857,16,13,1,2,0
1858,16,13,1,2,0
1859,16,13,1,2,0
1860,16,13,1,2,0
1861,16,13,1,2,0
1862,16,13,1,2,0
1863,16,13,1,2,0
1864,16,13,1,2,0
1865,16,13,1,2,0
1866,16,13,1,2,0
1867,16,13,1,2,0
1868,16,13,1,2,0
1869,16,13,1,2,0
1870,16,13,1,2,0
1871,16,13,1,2,0
1872,16,13,1,2,0
1873,16,13,1,2,0
1874,16,13,1,2,0
1875,16,13,1,2,0
1876,16,13,1,2,0
1877,16,13,1,2,0
1878,16,13,1,2,0
1879,16,13,1,2,0
1880,16,13,1,2,0
1881,16,13,1,2,0
1882,16,13,1,2,0
1883,16,13,1,2,0
1884,16,13,1,2,0
1885,16,13,1,2,0
1886,16,13,1,2,0
1887,16,13,1,2,0
1888,16,13,1,2,0
1889,16,13,1,2,0
1890,16,13,1,2,0
1891,16,13,1,2,0
1892,16,13,1,2,0
1893,16,13,1,2,0
1894,16,13,1,2,0
1895,16,13,1,2,0
1896,16,13,1,2,0
1897,16,13,1,2,0
1898,16,13,1,2,0
1899,16,13,1,2,0
1900,16,13,1,2,0
1901,16,13,1,2,0
1902,16,13,1,2,0
1903,16,13,1,2,0
1904,16,13,1,2,0
1905,16,13,1,2,0
1906,16,13,1,2,0
1907,16,13,1,2,0
1908,16,13,1,2,0
1909,16,13,1,2,0
1910,16,13,1,2,0
1911,16,13,1,2,0
1912,16,13,1,2,0
1913,16,13,1,2,0
1914,16,13,1,2,0
1915,16,13,1,2,0
1916,16,13,1,2,0
1917,16,13,1,2,0
1918,16,13,1,2,0
1919,16,13,1,2,0
1920,16,13,1,2,0
1921,16,13,1,2,0
1922,16,13,1,2,0
1923,16,13,1,2,0
1924,16,13,1,2,0
1925,16,13,1,2,0
1926,16,13,1,2,0
1927,16,13,1,2,0
1928,16,13,1,2,0
1929,16,13,1,2,0
1930,16,13,1,2,0
1931,16,13,1,2,0
1932,16,13,1,2,0
1933,16,12,0,3,0
1934,16,12,1,3,0
1935,16,12,1,3,0
1936,16,12,1,3,0
1937,16,12,1,3,0
1938,16,12,1,3,0
1939,16,12,1,3,0
1940,16,12,1,3,0
1941,16,12,1,3,0
1942,16,12,1,3,0
1943,16,12,1,3,0
1944,16,12,1,3,0
1945,16,12,1,3,0
1946,16,12,1,3,0
1947,16,12,1,3,0
1948,16,12,1,3,0
1949,16,12,1,3,0
1950,16,12,1,3,0
1951,16,12,1,3,0
1952,16,12,1,3,0
1953,16,12,1,3,0
1954,16,12,1,3,0
1955,16,12,1,3,0
1956,16,12,1,3,0
1957,16,12,1,3,0
1958,16,12,1,3,0
1959,16,12,1,3,0
1960,16,12,1,3,0
1961,16,12,1,3,0
1962,16,12,1,3,0
1963,16,12,1,3,0
1964,16,12,1,3,0
1965,16,12,1,3,0
1966,16,12,1,3,0
1967,16,12,1,3,0
1968,16,12,1,3,0
1969,16,12,1,3,0
1970,16,12,1,3,0
1971,16,12,1,3,0
1972,16,12,1,3,0
1973,16,12,1,3,0
1974,16,12,1,3,0
1975,16,12,1,3,0
1976,16,12,1,3,0
1977,16,12,1,3,0
1978,16,12,1,3,0
1979,16,12,1,3,0
1980,16,12,1,3,0
1981,16,12,1,3,0
1982,16,12,1,3,0
1983,16,12,1,3,0
1984,16,12,1,3,0
1985,16,12,1,3,0
1986,16,12,1,3,0
1987,16,12,1,3,0
1988,16,12,1,3,0
1989,16,12,1,3,0
1990,16,12,1,3,0
1991,16,12,1,3,0
1992,16,12,1,3,0
1993,16,12,1,3,0
1994,16,12,1,3,0
1995,16,12,1,3,0
1996,16,12,1,3,0
1997,16,12,1,3,0
1998,16,12,1,3,0
1999,16,12,1,3,0
2000,16,12,1,3,0
2001,16,12,1,3,0
2002,16,12,1,3,0
2003,16,12,1,3,0
2004,16,12,1,3,0
2005,16,12,1,3,0
2006,16,12,1,3,0
2007,16,12,1,3,0
2008,16,12,1,3,0
2009,16,12,1,3,0
2010,16,12,1,3,0
2011,16,12,1,3,0
2012,16,12,1,3,0
2013,16,12,1,3,0
2014,16,12,1,3,0
2015,16,12,1,3,0
2016,16,12,1,3,0
2017,16,12,1,3,0
2018,16,12,1,3,0
2019,16,12,1,3,0
2020,16,12,1,3,0
2021,16,12,1,3,0
2022,16,12,1,3,0
2023,16,12,1,3,0
2024,16,12,1,3,0
2025,16,12,1,3,0
2026,16,12,1,3,0
2027,16,12,1,3,0
2028,16,12,1,3,0
2029,16,12,1,3,0
2030,16,12,1,3,0
2031,16,12,1,3,0
2032,16,12,1,3,0
2033,16,12,1,3,0
2034,16,12,1,3,0
2035,16,12,1,3,0
2036,16,12,1,3,0
2037,16,12,1,3,0
2038,16,12,1,3,0
2039,16,12,1,3,0
2040,16,12,1,3,0
2041,16,12,1,3,0
2042,16,12,1,3,0
2043,16,12,1,3,0
2044,16,12,1,3,0
2045,16,12,1,3,0
2046,16,12,1,3,0
2047,16,12,1,3,0
2048,16,12,1,3,0
2049,16,12,1,3,0
2050,16,12,1,3,0
2051,16,12,1,3,0
2052,16,12,1,3,0
2053,16,12,1,3,0
2054,16,12,1,3,0
2055,16,12,1,3,0
2056,16,12,1,3,0
2057,16,12,1,3,0
2058,16,12,1,3,0
2059,16,12,1,3,0
2060,16,12,1,3,0
2061,16,12,1,3,0
2062,16,12,1,3,0
2063,16,12,1,3,0
2064,16,12,1,3,0
2065,16,12,1,3,0
2066,16,12,1,3,0
2067,16,12,1,3,0
2068,16,12,1,3,0
2069,16,12,1,3,0
2070,16,12,1,3,0
2071,16,12,1,3,0
2072,16,12,1,3,0
2073,16,12,1,3,0
2074,16,12,1,3,0
2075,16,12,1,3,0
2076,16,12,1,3,0
2077,16,12,1,3,0
2078,16,12,1,3,0
2079,16,12,1,3,0
2080,16,12,1,3,0
2081,16,12,1,3,0
2082,16,12,1,3,0
2083,16,12,1,3,0
2084,16,12,1,3,0
2085,16,12,1,3,0
2086,16,12,1,3,0
2087,16,12,1,3,0
2088,16,12,1,3,0
2089,16,12,1,3,0
2090,16,12,1,3,0
2091,16,12,1,3,0
2092,16,12,1,3,0
2093,16,12,1,3,0
2094,16,12,1,3,0
2095,16,12,1,3,0
2096,16,12,1,3,0
2097,16,12,1,3,0
2098,16,12,1,3,0
2099,16,12,1,3,0
2100,16,12,1,3,0
2101,16,12,1,3,0
2102,16,12,1,3,0
2103,16,12,1,3,0
2104,16,12,1,3,0
2105,16,12,1,3,0
2106,16,12,1,3,0
2107,16,12,1,3,0
2108,16,12,1,3,0
2109,16,12,1,3,0
2110,16,12,1,3,0
2111,16,12,1,3,0
2112,16,12,1,3,0
2113,16,12,1,3,0
2114,16,12,1,3,0
2115,16,12,1,3,0
2116,16,12,1,3,0
2117,16,12,1,3,0
2118,16,12,1,3,0
2119,16,12,1,3,0
2120,16,12,1,3,0
2121,16,12,1,3,0
2122,16,12,1,3,0
2123,16,12,1,3,0
2124,16,12,1,3,0
2125,16,12,1,3,0
2126,16,12,1,3,0
2127,16,12,1,3,0
2128,16,12,1,3,0
2129,16,12,1,3,0
2130,16,12,1,3,0
2131,16,12,1,3,0
2132,16,12,1,3,0
2133,16,12,1,3,0
2134,16,12,1,3,0
2135,16,12,1,3,0
2136,16,12,1,3,0
2137,16,12,1,3,0
2138,16,12,1,3,0
2139,16,12,1,3,0
2140,16,12,1,3,0
2141,16,12,1,3,0
2142,16,12,1,3,0
2143,16,12,1,3,0
2144,16,12,1,3,0
2145,16,12,1,3,0
2146,16,12,1,3,0
2147,16,12,1,3,0
2148,16,12,1,3,0
2149,16,12,1,3,0
2150,16,12,1,3,0
2151,16,12,1,3,0
2152,16,12,1,3,0
2153,16,12,1,3,0
2154,16,12,1,3,0
2155,16,12,1,3,0
2156,16,12,1,3,0
2157,16,12,1,3,0
2158,16,12,1,3,0
2159,16,12,1,3,0
2160,16,12,1,3,0
2161,16,12,1,3,0
2162,16,12,1,3,0
2163,16,12,1,3,0
2164,16,12,1,3,0
2165,16,12,1,3,0
2166,16,12,1,3,0
2167,16,12,1,3,0
2168,16,12,1,3,0
2169,16,12,1,3,0
2170,16,12,1,3,0
2171,16,12,1,3,0
2172,16,12,1,3,0
2173,16,12,1,3,0
2174,16,12,1,3,0
2175,16,12,1,3,0
2176,16,12,1,3,0
2177,16,12,1,3,0
2178,16,12,1,3,0
2179,16,12,1,3,0
2180,16,12,1,3,0
2181,16,12,1,3,0
2182,16,12,1,3,0
2183,16,12,1,3,0
2184,16,12,1,3,0
2185,16,12,1,3,0
2186,16,12,1,3,0
2187,16,12,1,3,0
2188,16,12,1,3,0
2189,16,12,1,3,0
2190,16,12,1,3,0
2191,16,12,1,3,0
2192,16,12,1,3,0
2193,16,12,1,3,0
2194,16,12,1,3,0
2195,16,12,1,3,0
2196,16,12,1,3,0
2197,16,12,1,3,0
2198,16,12,1,3,0
2199,16,12,1,3,0
2200,16,12,1,3,0
2201,16,12,1,3,0
2202,16,12,1,3,0
2203,16,12,1,3,0
2204,16,12,1,3,0
2205,16,12,1,3,0
2206,16,12,1,3,0
2207,16,12,1,3,0
2208,16,12,1,3,0
2209,16,12,1,3,0
2210,16,12,1,3,0
2211,16,12,1,3,0
2212,16,12,1,3,0
2213,16,12,1,3,0
2214,16,12,1,3,0
2215,16,12,1,3,0
2216,16,12,1,3,0
2217,16,12,1,3,0
2218,16,12,1,3,0
2219,16,12,1,3,0
2220,16,12,1,3,0
2221,16,12,1,3,0
2222,16,12,1,3,0
2223,16,12,1,3,0
2224,16,12,1,3,0
2225,16,12,1,3,0
2226,16,12,1,3,0
2227,16,12,1,3,0
2228,16,12,1,3,0
2229,16,12,1,3,0
2230,16,12,1,3,0
2231,16,12,1,3,0
2232,16,12,1,3,0
2233,16,12,1,3,0
2234,16,12,1,3,0
2235,16,12,1,3,0
2236,16,12,1,3,0
2237,16,12,1,3,0
2238,16,12,1,3,0
2239,16,12,1,3,0
2240,16,12,1,3,0
2241,16,12,1,3,0
2242,16,12,1,3,0
2243,16,12,1,3,0
2244,16,12,1,3,0
2245,16,12,1,3,0
2246,16,12,1,3,0
2247,16,12,1,3,0
2248,16,12,1,3,0
2249,16,12,1,3,0
2250,16,12,1,3,0
2251,16,12,1,3,0
2252,16,12,1,3,0
2253,16,12,1,3,0
2254,16,12,1,3,0
2255,16,12,1,3,0
2256,16,12,1,3,0
2257,16,12,1,3,0
2258,16,12,1,3,0
2259,16,12,1,3,0
2260,16,12,1,3,0
2261,16,12,1,3,0
2262,16,12,1,3,0
2263,16,12,1,3,0
2264,16,12,1,3,0
2265,16,12,1,3,0
2266,16,12,1,3,0
2267,16,12,1,3,0
2268,16,12,1,3,0
2269,16,12,1,3,0
2270,16,12,1,3,0
2271,16,12,1,3,0
2272,16,12,1,3,0
2273,16,12,1,3,0
2274,16,12,1,3,0
2275,16,12,1,3,0
2276,16,12,1,3,0
2277,16,12,1,3,0
2278,16,12,1,3,0
2279,16,12,1,3,0
2280,16,12,1,3,0
2281,16,12,1,3,0
2282,16,12,1,3,0
2283,16,12,1,3,0
2284,16,12,1,3,0
2285,16,12,1,3,0
2286,16,12,1,3,0
2287,16,12,1,3,0
2288,16,12,1,3,0
2289,16,12,1,3,0
2290,16,12,1,3,0
2291,16,12,1,3,0
2292,16,12,1,3,0
2293,16,12,1,3,0
2294,16,12,1,3,0
2295,16,12,1,3,0
2296,16,12,1,3,0
2297,16,12,1,3,0
2298,16,12,1,3,0
2299,16,12,1,3,0
2300,16,12,1,3,0
2301,16,12,1,3,0
2302,16,12,1,3,0
2303,16,12,1,3,0
2304,16,12,1,3,0
2305,16,12,1,3,0
2306,16,12,1,3,0
2307,16,12,1,3,0
2308,16,12,1,3,0
2309,16,12,1,3,0
2310,16,12,1,3,0
2311,16,12,1,3,0
2312,16,11,0,4,0
2313,16,11,1,4,0
2314,16,11,1,4,0
2315,16,11,1,4,0
2316,16,11,1,4,0
2317,16,11,1,4,0
2318,16,11,1,4,0
2319,16,11,1,4,0
2320,16,11,1,4,0
2321,16,11,1,4,0
2322,16,11,1,4,0
2323,16,11,1,4,0
2324,16,11,1,4,0
2325,16,11,1,4,0
2326,16,11,1,4,0
2327,16,11,1,4,0
2328,16,11,1,4,0
2329,16,11,1,4,0
2330,16,11,1,4,0
2331,16,11,1,4,0
2332,16,11,1,4,0
2333,16,11,1,4,0
2334,16,11,1,4,0
2335,16,11,1,4,0
2336,16,11,1,4,0
2337,16,11,1,4,0
2338,16,11,1,4,0
2339,16,11,1,4,0
2340,16,11,1,4,0
2341,16,11,1,4,0
2342,16,11,1,4,0
2343,16,11,1,4,0
2344,16,11,1,4,0
2345,16,11,1,4,0
2346,16,11,1,4,0
2347,16,11,1,4,0
2348,16,11,1,4,0
2349,16,11,1,4,0
2350,16,11,1,4,0
2351,16,11,1,4,0
2352,16,11,1,4,0
2353,16,11,1,4,0
2354,16,11,1,4,0
2355,16,11,1,4,0
2356,16,11,1,4,0
2357,16,11,1,4,0
2358,16,11,1,4,0
2359,16,11,1,4,0
2360,16,11,1,4,0
2361,16,11,1,4,0
2362,16,11,1,4,0
2363,16,11,1,4,0
2364,16,11,1,4,0
2365,16,11,1,4,0
2366,16,11,1,4,0
2367,16,11,1,4,0
2368,16,11,1,4,0
2369,16,11,1,4,0
2370,16,11,1,4,0
2371,16,11,1,4,0
2372,16,11,1,4,0
2373,16,11,1,4,0
2374,16,11,1,4,0
2375,16,11,1,4,0
2376,16,11,1,4,0
2377,16,11,1,4,0
2378,16,11,1,4,0
2379,16,11,1,4,0
2380,16,11,1,4,0
2381,16,11,1,4,0
2382,16,11,1,4,0
2383,16,11,1,4,0
2384,16,11,1,4,0
2385,16,11,1,4,0
2386,16,11,1,4,0
2387,16,11,1,4,0
2388,16,11,1,4,0
2389,16,11,1,4,0
2390,16,11,1,4,0
2391,16,11,1,4,0
2392,16,11,1,4,0
2393,16,11,1,4,0
2394,16,11,1,4,0
2395,16,11,1,4,0
2396,16,11,1,4,0
2397,16,11,1,4,0
2398,16,11,1,4,0
2399,16,11,1,4,0
2400,16,11,1,4,0
2401,16,11,1,4,0
2402,16,11,1,4,0
2403,16,11,1,4,0
2404,16,11,1,4,0
2405,16,11,1,4,0
2406,16,11,1,4,0
2407,16,11,1,4,0
2408,16,11,1,4,0
2409,16,11,1,4,0
2410,16,11,1,4,0
2411,16,11,1,4,0
2412,16,11,1,4,0
2413,16,11,1,4,0
2414,16,11,1,4,0
2415,16,11,1,4,0
2416,16,11,1,4,0
2417,16,11,1,4,0
2418,16,11,1,4,0
2419,16,11,1,4,0
2420,16,11,1,4,0
2421,16,11,1,4,0
2422,16,11,1,4,0
2423,16,11,1,4,0
2424,16,11,1,4,0
2425,16,11,1,4,0
2426,16,11,1,4,0
2427,16,11,1,4,0
2428,16,11,1,4,0
2429,16,11,1,4,0
2430,16,11,1,4,0
2431,16,11,1,4,0
2432,16,11,1,4,0
2433,16,11,1,4,0
2434,16,11,1,4,0
2435,16,11,1,4,0
2436,16,11,1,4,0
2437,16,11,1,4,0
2438,16,11,1,4,0
2439,16,11,1,4,0
2440,16,11,1,4,0
2441,16,11,1,4,0
2442,16,11,1,4,0
2443,16,11,1,4,0
2444,16,11,1,4,0
2445,16,11,1,4,0
2446,16,11,1,4,0
2447,16,11,1,4,0
2448,16,11,1,4,0
2449,16,11,1,4,0
2450,16,11,1,4,0
2451,16,11,1,4,0
2452,16,11,1,4,0
2453,16,11,1,4,0
2454,16,11,1,4,0
2455,16,11,1,4,0
2456,16,11,1,4,0
2457,16,11,1,4,0
2458,16,11,1,4,0
2459,16,11,1,4,0
2460,16,11,1,4,0
2461,16,11,1,4,0
2462,16,11,1,4,0
2463,16,11,1,4,0
2464,16,11,1,4,0
2465,16,11,1,4,0
2466,16,11,1,4,0
2467,16,11,1,4,0
2468,16,11,1,4,0
2469,16,11,1,4,0
2470,16,11,1,4,0
2471,16,11,1,4,0
2472,16,11,1,4,0
2473,16,11,1,4,0
2474,16,11,1,4,0
2475,16,11,1,4,0
2476,16,11,1,4,0
2477,16,11,1,4,0
2478,16,11,1,4,0
2479,16,11,1,4,0
2480,16,11,1,4,0
2481,16,11,1,4,0
2482,16,11,1,4,0
2483,16,11,1,4,0
2484,16,11,1,4,0
2485,16,11,1,4,0
2486,16,11,1,4,0
2487,16,11,1,4,0
2488,16,11,1,4,0
2489,16,10,1,4,1
2490,16,10,1,4,1
2491,16,10,1,4,1
2492,16,10,1,4,1
2493,16,10,1,4,1
2494,16,10,1,4,1
2495,16,10,1,4,1
2496,16,10,1,4,1
2497,16,10,1,4,1
2498,16,10,1,4,1
2499,16,10,1,4,1
2500,16,10,1,4,1
2501,16,10,1,4,1
2502,16,10,1,4,1
2503,16,10,1,4,1
2504,16,10,1,4,1
2505,16,10,1,4,1
2506,16,10,1,4,1
2507,16,10,1,4,1
2508,16,10,1,4,1
2509,16,10,1,4,1
2510,16,10,1,4,1
2511,16,10,1,4,1
2512,16,10,1,4,1
2513,16,10,1,4,1
2514,16,10,1,4,1
2515,16,10,1,4,1
2516,16,10,1,4,1
2517,16,10,1,4,1
2518,16,10,1,4,1
2519,16,10,1,4,1
2520,16,10,1,4,1
2521,16,10,1,4,1
2522,16,10,1,4,1
2523,16,10,1,4,1
2524,16,10,1,4,1
2525,16,10,1,4,1
2526,16,10,1,4,1
2527,16,10,1,4,1
2528,16,10,1,4,1
2529,16,10,1,4,1
2530,16,10,1,4,1
2531,16,10,1,4,1
2532,16,10,1,4,1
2533,16,10,1,4,1
2534,16,10,1,4,1
2535,16,10,1,4,1
2536,16,10,1,4,1
2537,16,10,1,4,1
2538,16,10,1,4,1
2539,16,10,1,4,1
2540,16,10,1,4,1
2541,16,10,1,4,1
2542,16,10,1,4,1
2543,16,10,1,4,1
2544,16,10,1,4,1
2545,16,10,1,4,1
2546,16,10,1,4,1
2547,16,10,1,4,1
2548,16,10,1,4,1
2549,16,10,1,4,1
2550,16,10,1,4,1
2551,16,10,1,4,1
2552,16,10,1,4,1
2553,16,10,1,4,1
2554,16,10,1,4,1
2555,16,10,1,4,1
2556,16,10,1,4,1
2557,16,10,1,4,1
2558,16,10,1,4,1
2559,16,10,1,4,1
2560,16,10,1,4,1
2561,16,10,1,4,1
2562,16,10,1,4,1
2563,16,10,1,4,1
2564,16,10,1,4,1
2565,16,10,1,4,1
2566,16,10,1,4,1
2567,16,10,1,4,1
2568,16,10,1,4,1
2569,16,9,1,4,2
2570,16,9,1,4,2
2571,16,9,1,4,2
2572,16,9,1,4,2
2573,16,9,1,4,2
2574,16,9,1,4,2
2575,16,9,1,4,2
2576,16,9,1,4,2
2577,16,9,1,4,2
2578,16,9,1,4,2
2579,16,9,1,4,2
2580,16,9,1,4,2
2581,16,9,1,4,2
2582,16,9,1,4,2
2583,16,9,1,4,2
2584,16,9,1,4,2
2585,16,9,1,4,2
2586,16,9,1,4,2
2587,16,9,1,4,2
2588,16,9,1,4,2
2589,16,9,1,4,2
2590,16,9,1,4,2
2591,16,9,1,4,2
2592,16,9,1,4,2
2593,16,9,1,4,2
2594,16,9,1,4,2
2595,16,9,1,4,2
2596,16,9,1,4,2
2597,16,9,1,4,2
2598,16,9,1,4,2
2599,16,9,1,4,2
2600,16,9,1,4,2
2601,16,9,1,4,2
2602,16,9,1,4,2
2603,16,9,1,4,2
2604,16,9,1,4,2
2605,16,9,1,4,2
2606,16,9,1,4,2
2607,16,9,1,4,2
2608,16,9,1,4,2
2609,16,9,1,4,2
2610,16,9,1,4,2
2611,16,9,1,4,2
2612,16,9,1,4,2
2613,16,9,1,4,2
2614,16,9,1,4,2
2615,16,9,1,4,2
2616,16,9,1,4,2
2617,16,9,1,4,2
2618,16,9,1,4,2
2619,16,9,1,4,2
2620,16,9,1,4,2
2621,16,9,1,4,2
2622,16,9,1,4,2
2623,16,9,1,4,2
2624,16,9,1,4,2
2625,16,9,1,4,2
2626,16,9,1,4,2
2627,16,9,1,4,2
2628,16,9,1,4,2
2629,16,9,1,4,2
2630,16,9,1,4,2
2631,16,9,1,4,2
2632,16,9,1,4,2
2633,16,9,1,4,2
2634,16,9,1,4,2
2635,16,9,1,4,2
2636,16,9,1,4,2
2637,16,9,1,4,2
2638,16,9,1,4,2
2639,16,9,1,4,2
2640,16,9,1,4,2
2641,16,9,1,4,2
2642,16,9,1,4,2
2643,16,9,1,4,2
2644,16,9,1,4,2
2645,16,9,1,4,2
2646,16,9,1,4,2
2647,16,9,1,4,2
2648,16,9,1,4,2
2649,16,9,1,4,2
2650,16,9,1,4,2
2651,16,9,1,4,2
2652,16,9,1,4,2
2653,16,9,1,4,2
2654,16,9,1,4,2
2655,16,9,1,4,2
2656,16,9,1,4,2
2657,16,9,1,4,2
2658,16,9,1,4,2
2659,16,9,1,4,2
2660,16,9,1,4,2
2661,16,9,1,4,2
2662,16,9,1,4,2
2663,16,9,1,4,2
2664,16,9,1,4,2
2665,16,9,1,4,2
2666,16,9,1,4,2
2667,16,9,1,4,2
2668,16,9,1,4,2
2669,16,9,1,4,2
2670,16,9,1,4,2
2671,16,9,1,4,2
2672,16,9,1,4,2
2673,16,9,1,4,2
2674,16,9,1,4,2
2675,16,9,1,4,2
2676,16,9,1,4,2
2677,16,9,1,4,2
2678,16,9,1,4,2
2679,16,9,1,4,2
2680,16,9,1,4,2
2681,16,9,1,4,2
2682,16,9,1,4,2
2683,16,9,1,4,2
2684,16,9,1,4,2
2685,16,9,1,4,2
2686,16,9,1,4,2
2687,16,9,1,4,2
2688,16,9,1,4,2
2689,16,9,1,4,2
2690,16,9,1,4,2
2691,16,9,1,4,2
2692,16,9,1,4,2
2693,16,9,1,4,2
2694,16,9,1,4,2
2695,16,9,1,4,2
2696,16,9,1,4,2
2697,16,9,1,4,2
2698,16,9,1,4,2
2699,16,9,1,4,2
2700,16,9,1,4,2
2701,16,9,1,4,2
2702,16,9,1,4,2
2703,16,9,1,4,2
2704,16,9,1,4,2
2705,16,9,1,4,2
2706,16,9,1,4,2
2707,16,9,1,4,2
2708,16,9,1,4,2
2709,16,9,1,4,2
2710,16,9,1,4,2
2711,16,9,1,4,2
2712,16,9,1,4,2
2713,16,9,1,4,2
2714,16,9,1,4,2
2715,16,9,1,4,2
2716,16,9,1,4,2
2717,16,9,1,4,2
2718,16,9,1,4,2
2719,16,9,1,4,2
2720,16,9,1,4,2
2721,16,9,1,4,2
2722,16,9,1,4,2
2723,16,9,1,4,2
2724,16,9,1,4,2
2725,16,9,1,4,2
2726,16,9,1,4,2
2727,16,9,1,4,2
2728,16,9,1,4,2
2729,16,9,1,4,2
2730,16,9,1,4,2
2731,16,9,1,4,2
2732,16,9,1,4,2
2733,16,9,1,4,2
2734,16,9,1,4,2
2735,16,9,1,4,2
2736,16,9,1,4,2
2737,16,9,1,4,2
2738,16,9,1,4,2
2739,16,9,1,4,2
2740,16,9,1,4,2
2741,16,9,1,4,2
2742,16,9,1,4,2
2743,16,9,1,4,2
2744,16,9,1,4,2
2745,16,9,1,4,2
2746,16,9,1,4,2
2747,16,9,1,4,2
2748,16,9,1,4,2
2749,16,9,1,4,2
2750,16,9,1,4,2
2751,16,9,1,4,2
2752,16,9,1,4,2
2753,16,9,1,4,2
2754,16,9,1,4,2
2755,16,9,1,4,2
2756,16,9,1,4,2
2757,16,9,1,4,2
2758,16,9,1,4,2
2759,16,9,1,4,2
2760,16,9,1,4,2
2761,16,9,1,4,2
2762,16,9,1,4,2
2763,16,9,1,4,2
2764,16,9,1,4,2
2765,16,9,1,4,2
2766,16,9,1,4,2
2767,16,9,1,4,2
2768,16,9,1,4,2
2769,16,9,1,4,2
2770,16,9,1,4,2
2771,16,9,1,4,2
2772,16,9,1,4,2
2773,16,9,1,4,2
2774,16,9,1,4,2
2775,16,9,1,4,2
2776,16,9,1,4,2
2777,16,9,1,4,2
2778,16,9,1,4,2
2779,16,9,1,4,2
2780,16,9,1,4,2
2781,16,9,1,4,2
2782,16,9,1,4,2
2783,16,9,1,4,2
2784,16,9,1,4,2
2785,16,9,1,4,2
2786,16,8,1,4,3
2787,16,8,1,4,3
2788,16,8,1,4,3
2789,16,8,1,4,3
2790,16,8,1,4,3
2791,16,8,1,4,3
2792,16,8,1,4,3
2793,16,8,1,4,3
2794,16,8,1,4,3
2795,16,8,1,4,3
2796,16,8,1,4,3
2797,16,8,1,4,3
2798,16,8,1,4,3
2799,16,8,1,4,3
2800,16,8,1,4,3
2801,16,8,1,4,3
2802,16,8,1,4,3
2803,16,8,1,4,3
2804,16,8,1,4,3
2805,16,8,1,4,3
2806,16,8,1,4,3
2807,16,8,1,4,3
2808,16,8,1,4,3
2809,16,8,1,4,3
2810,16,8,1,4,3
2811,16,8,1,4,3
2812,16,8,1,4,3
2813,16,8,1,4,3
2814,16,8,1,4,3
2815,16,8,1,4,3
2816,16,8,1,4,3
2817,16,8,1,4,3
2818,16,8,1,4,3
2819,16,8,1,4,3
2820,16,8,1,4,3
2821,16,8,1,4,3
2822,16,8,1,4,3
2823,16,8,1,4,3
2824,16,8,1,4,3
2825,16,8,1,4,3
2826,16,8,1,4,3
2827,16,8,1,4,3
2828,16,8,1,4,3
2829,16,8,1,4,3
2830,16,8,1,4,3
2831,16,8,1,4,3
2832,16,8,1,4,3
2833,16,8,1,4,3
2834,16,8,1,4,3
2835,16,8,1,4,3
2836,16,8,1,4,3
2837,16,8,1,4,3
2838,16,8,1,4,3
2839,16,8,1,4,3
2840,16,8,1,4,3
2841,16,8,1,4,3
2842,16,8,1,4,3
2843,16,8,1,4,3
2844,16,8,1,4,3
2845,16,8,1,4,3
2846,16,8,1,4,3
2847,16,8,1,4,3
2848,16,8,1,4,3
2849,16,8,1,4,3
2850,16,8,1,4,3
2851,16,8,1,4,3
2852,16,8,1,4,3
2853,16,8,1,4,3
2854,16,8,1,4,3
2855,16,8,1,4,3
2856,16,8,1,4,3
2857,16,8,1,4,3
2858,16,8,1,4,3
2859,16,8,1,4,3
2860,16,8,1,4,3
2861,16,8,1,4,3
2862,16,8,1,4,3
2863,16,8,1,4,3
2864,16,8,1,4,3
2865,16,8,1,4,3
2866,16,8,1,4,3
2867,16,8,1,4,3
2868,16,8,1,4,3
2869,16,8,1,4,3
2870,16,8,1,4,3
2871,16,8,1,4,3
2872,16,8,1,4,3
2873,16,8,1,4,3
2874,16,8,1,4,3
2875,16,8,1,4,3
2876,16,8,1,4,3
2877,16,8,1,4,3
2878,16,8,1,4,3
2879,16,8,1,4,3
2880,16,7,0,5,3
2881,16,7,1,5,3
2882,16,7,1,5,3
2883,16,7,1,5,3
2884,16,7,1,5,3
2885,16,7,1,5,3
2886,16,7,1,5,3
2887,16,7,1,5,3
2888,16,7,1,5,3
2889,16,7,1,5,3
2890,16,7,1,5,3
2891,16,7,1,5,3
2892,16,7,1,5,3
2893,16,7,1,5,3
2894,16,7,1,5,3
2895,16,7,1,5,3
2896,16,7,1,5,3
2897,16,7,1,5,3
2898,16,7,1,5,3
2899,16,7,1,5,3
2900,16,7,1,5,3
2901,16,7,1,5,3
2902,16,7,1,5,3
2903,16,7,1,5,3
2904,16,7,1,5,3
2905,16,7,1,5,3
2906,16,7,1,5,3
2907,16,7,1,5,3
2908,16,7,1,5,3
2909,16,7,1,5,3
2910,16,7,1,5,3
2911,16,7,1,5,3
2912,16,7,1,5,3
2913,16,7,1,5,3
2914,16,7,1,5,3
2915,16,7,1,5,3
2916,16,7,1,5,3
2917,16,7,1,5,3
2918,16,7,1,5,3
2919,16,7,1,5,3
2920,16,7,1,5,3
2921,16,7,1,5,3
2922,16,7,1,5,3
2923,16,7,1,5,3
2924,16,7,1,5,3
2925,16,7,1,5,3
2926,16,7,1,5,3
2927,16,7,1,5,3
2928,16,7,1,5,3
2929,16,6,1,5,4
2930,16,6,1,5,4
2931,16,6,1,5,4
2932,16,6,1,5,4
2933,16,6,1,5,4
2934,16,6,1,5,4
2935,16,5,1,5,5
2936,16,5,1,5,5
2937,16,5,1,5,5
2938,16,5,1,5,5
2939,16,5,1,5,5
2940,16,5,1,5,5
2941,16,5,1,5,5
2942,16,5,1,5,5
2943,16,5,1,5,5
2944,16,5,1,5,5
2945,16,5,1,5,5
2946,16,5,1,5,5
2947,16,5,1,5,5
2948,16,5,1,5,5
2949,16,4,1,5,6
2950,16,4,1,5,6
2951,16,4,1,5,6
2952,16,4,1,5,6
2953,16,4,1,5,6
2954,16,4,1,5,6
2955,16,4,1,5,6
2956,16,4,1,5,6
2957,16,4,1,5,6
2958,16,4,1,5,6
2959,16,4,1,5,6
2960,16,4,1,5,6
2961,16,4,1,5,6
2962,16,4,1,5,6
2963,16,4,1,5,6
2964,16,4,1,5,6
2965,16,4,1,5,6
2966,16,4,1,5,6
2967,16,4,1,5,6
2968,16,4,1,5,6
2969,16,4,1,5,6
2970,16,4,1,5,6
2971,16,4,1,5,6
2972,16,4,1,5,6
2973,16,4,1,5,6
2974,16,4,1,5,6
2975,16,4,1,5,6
2976,16,4,1,5,6
2977,16,4,1,5,6
2978,16,4,1,5,6
2979,16,4,1,5,6
2980,16,4,1,5,6
2981,16,4,1,5,6
2982,16,4,1,5,6
2983,16,4,1,5,6
2984,16,4,1,5,6
2985,16,4,1,5,6
2986,16,4,1,5,6
2987,16,4,1,5,6
2988,16,4,1,5,6
2989,16,4,1,5,6
2990,16,4,1,5,6
2991,16,4,1,5,6
2992,16,4,1,5,6
2993,16,4,1,5,6
2994,16,4,1,5,6
2995,16,4,1,5,6
2996,16,4,1,5,6
2997,16,4,1,5,6
2998,16,4,1,5,6
2999,16,4,1,5,6
3000,16,4,1,5,6
3001,16,4,1,5,6
3002,16,4,1,5,6
3003,16,4,1,5,6
3004,16,4,1,5,6
3005,16,4,1,5,6
3006,16,4,1,5,6
3007,16,4,1,5,6
3008,16,4,1,5,6
3009,16,4,1,5,6
3010,16,4,1,5,6
3011,16,4,1,5,6
3012,16,4,1,5,6
3013,16,4,1,5,6
3014,16,4,1,5,6
3015,16,4,1,5,6
3016,16,4,1,5,6
3017,16,4,1,5,6
3018,16,4,1,5,6
3019,16,4,1,5,6
3020,16,4,1,5,6
3021,16,4,1,5,6
3022,16,4,1,5,6
3023,16,4,1,5,6
3024,16,4,1,5,6
3025,16,4,1,5,6
3026,16,4,1,5,6
3027,16,4,1,5,6
3028,16,4,1,5,6
3029,16,4,1,5,6
3030,16,4,1,5,6
3031,16,4,1,5,6
3032,16,4,1,5,6
3033,16,4,1,5,6
3034,16,4,1,5,6
3035,16,4,1,5,6
3036,16,4,1,5,6
3037,16,4,1,5,6
3038,16,4,1,5,6
3039,16,4,1,5,6
3040,16,4,1,5,6
3041,16,4,1,5,6
3042,16,4,1,5,6
3043,16,4,1,5,6
3044,16,4,1,5,6
3045,16,4,1,5,6
3046,16,4,1,5,6
3047,16,4,1,5,6
3048,16,4,1,5,6
3049,16,4,1,5,6
3050,16,4,1,5,6
3051,16,4,1,5,6
3052,16,4,1,5,6
3053,16,4,1,5,6
3054,16,4,1,5,6
3055,16,4,1,5,6
3056,16,4,1,5,6
3057,16,4,1,5,6
3058,16,4,1,5,6
3059,16,4,1,5,6
3060,16,4,1,5,6
3061,16,4,1,5,6
3062,16,4,1,5,6
3063,16,4,1,5,6
3064,16,4,1,5,6
3065,16,4,1,5,6
3066,16,4,1,5,6
3067,16,4,1,5,6
3068,16,4,1,5,6
3069,16,4,1,5,6
3070,16,4,1,5,6
3071,16,4,1,5,6
3072,16,4,1,5,6
3073,16,4,1,5,6
3074,16,4,1,5,6
3075,16,4,1,5,6
3076,16,4,1,5,6
3077,16,4,1,5,6
3078,16,4,1,5,6
3079,16,4,1,5,6
3080,16,4,1,5,6
3081,16,4,1,5,6
3082,16,4,1,5,6
3083,16,4,1,5,6
3084,16,4,1,5,6
3085,16,4,1,5,6
3086,16,4,1,5,6
3087,16,4,1,5,6
3088,16,4,1,5,6
3089,16,4,1,5,6
3090,16,4,1,5,6
3091,16,4,1,5,6
3092,16,4,1,5,6
3093,16,4,1,5,6
3094,16,4,1,5,6
3095,16,4,1,5,6
3096,16,4,1,5,6
3097,16,4,1,5,6
3098,16,4,1,5,6
3099,16,4,1,5,6
3100,16,4,1,5,6
3101,16,4,1,5,6
3102,16,4,1,5,6
3103,16,4,1,5,6
3104,16,4,1,5,6
3105,16,4,1,5,6
3106,16,4,1,5,6
3107,16,4,1,5,6
3108,16,4,1,5,6
3109,16,4,1,5,6
3110,16,4,1,5,6
3111,16,4,1,5,6
3112,16,4,1,5,6
3113,16,4,1,5,6
3114,16,4,1,5,6
3115,16,4,1,5,6
3116,16,4,1,5,6
3117,16,4,1,5,6
3118,16,4,1,5,6
3119,16,4,1,5,6
3120,16,4,1,5,6
3121,16,4,1,5,6
3122,16,4,1,5,6
3123,16,4,1,5,6
3124,16,4,1,5,6
3125,16,4,1,5,6
3126,16,4,1,5,6
3127,16,4,1,5,6
3128,16,4,1,5,6
3129,16,4,1,5,6
3130,16,4,1,5,6
3131,16,4,1,5,6
3132,16,4,1,5,6
3133,16,4,1,5,6
3134,16,4,1,5,6
3135,16,4,1,5,6
3136,16,4,1,5,6
3137,16,4,1,5,6
3138,16,4,1,5,6
3139,16,4,1,5,6
3140,16,4,1,5,6
3141,16,4,1,5,6
3142,16,4,1,5,6
3143,16,4,1,5,6
3144,16,4,1,5,6
3145,16,4,1,5,6
3146,16,4,1,5,6
3147,16,4,1,5,6
3148,16,4,1,5,6
3149,16,4,1,5,6
3150,16,4,1,5,6
3151,16,4,1,5,6
3152,16,4,1,5,6
3153,16,4,1,5,6
3154,16,4,1,5,6
3155,16,4,1,5,6
3156,16,4,1,5,6
3157,16,4,1,5,6
3158,16,4,1,5,6
3159,16,4,1,5,6
3160,16,4,1,5,6
3161,16,4,1,5,6
3162,16,4,1,5,6
3163,16,4,1,5,6
3164,16,4,1,5,6
3165,16,4,1,5,6
3166,16,4,1,5,6
3167,16,4,1,5,6
3168,16,4,1,5,6
3169,16,4,1,5,6
3170,16,4,1,5,6
3171,16,4,1,5,6
3172,16,4,1,5,6
3173,16,4,1,5,6
3174,16,4,1,5,6
3175,16,4,1,5,6
3176,16,4,1,5,6
3177,16,4,1,5,6
3178,16,4,1,5,6
3179,16,4,1,5,6
3180,16,4,1,5,6
3181,16,4,1,5,6
3182,16,4,1,5,6
3183,16,4,1,5,6
3184,16,4,1,5,6
3185,16,4,1,5,6
3186,16,4,1,5,6
3187,16,4,1,5,6
3188,16,4,1,5,6
3189,16,4,1,5,6
3190,16,4,1,5,6
3191,16,4,1,5,6
3192,16,4,1,5,6
3193,16,4,1,5,6
3194,16,4,1,5,6
3195,16,4,1,5,6
3196,16,4,1,5,6
3197,16,4,1,5,6
3198,16,4,1,5,6
3199,16,4,1,5,6
3200,16,4,1,5,6
3201,16,4,1,5,6
3202,16,4,1,5,6
3203,16,4,1,5,6
3204,16,4,1,5,6
3205,16,4,1,5,6
3206,16,4,1,5,6
3207,16,4,1,5,6
3208,16,4,1,5,6
3209,16,4,1,5,6
3210,16,4,1,5,6
3211,16,4,1,5,6
3212,16,4,1,5,6
3213,16,4,1,5,6
3214,16,4,1,5,6
3215,16,4,1,5,6
3216,16,4,1,5,6
3217,16,4,1,5,6
3218,16,4,1,5,6
3219,16,4,1,5,6
3220,16,4,1,5,6
3221,16,4,1,5,6
3222,16,4,1,5,6
3223,16,4,1,5,6
3224,16,4,1,5,6
3225,16,4,1,5,6
3226,16,4,1,5,6
3227,16,4,1,5,6
3228,16,4,1,5,6
3229,16,4,1,5,6
3230,16,4,1,5,6
3231,16,4,1,5,6
3232,16,4,1,5,6
3233,16,4,1,5,6
3234,16,4,1,5,6
3235,16,4,1,5,6
3236,16,4,1,5,6
3237,16,4,1,5,6
3238,16,4,1,5,6
3239,16,4,1,5,6
3240,16,4,1,5,6
3241,16,4,1,5,6
3242,16,4,1,5,6
3243,16,4,1,5,6
3244,16,4,1,5,6
3245,16,4,1,5,6
3246,16,4,1,5,6
3247,16,4,1,5,6
3248,16,4,1,5,6
3249,16,4,1,5,6
3250,16,4,1,5,6
3251,16,4,1,5,6
3252,16,4,1,5,6
3253,16,4,1,5,6
3254,16,4,1,5,6
3255,16,4,1,5,6
3256,16,4,1,5,6
3257,16,4,1,5,6
3258,16,4,1,5,6
3259,16,4,1,5,6
3260,16,4,1,5,6
3261,16,4,1,5,6
3262,16,4,1,5,6
3263,16,4,1,5,6
3264,16,4,1,5,6
3265,16,4,1,5,6
3266,16,4,1,5,6
3267,16,4,1,5,6
3268,16,4,1,5,6
3269,16,4,1,5,6
3270,16,4,1,5,6
3271,16,4,1,5,6
3272,16,4,1,5,6
3273,16,4,1,5,6
3274,16,4,1,5,6
3275,16,4,1,5,6
3276,16,4,1,5,6
3277,16,4,1,5,6
3278,16,4,1,5,6
3279,16,4,1,5,6
3280,16,4,1,5,6
3281,16,4,1,5,6
3282,16,3,1,5,7
3283,16,3,1,5,7
3284,16,3,1,5,7
3285,16,3,1,5,7
3286,16,3,1,5,7
3287,16,3,1,5,7
3288,16,3,1,5,7
3289,16,3,1,5,7
3290,16,3,1,5,7
3291,16,3,1,5,7
3292,16,3,1,5,7
3293,16,3,1,5,7
3294,16,3,1,5,7
3295,16,3,1,5,7
3296,16,3,1,5,7
3297,16,3,1,5,7
3298,16,3,1,5,7
3299,16,3,1,5,7
3300,16,3,1,5,7
3301,16,3,1,5,7
3302,16,3,1,5,7
3303,16,3,1,5,7
3304,16,3,1,5,7
3305,16,3,1,5,7
3306,16,3,1,5,7
3307,16,3,1,5,7
3308,16,3,1,5,7
3309,16,3,1,5,7
3310,16,3,1,5,7
3311,16,3,1,5,7
3312,16,3,1,5,7
3313,16,3,1,5,7
3314,16,3,1,5,7
3315,16,3,1,5,7
3316,16,3,1,5,7
3317,16,3,1,5,7
3318,16,3,1,5,7
3319,16,3,1,5,7
3320,16,3,1,5,7
3321,16,3,1,5,7
3322,16,3,1,5,7
3323,16,3,1,5,7
3324,16,3,1,5,7
3325,16,3,1,5,7
3326,16,3,1,5,7
3327,16,3,1,5,7
3328,16,3,1,5,7
3329,16,3,1,5,7
3330,16,3,1,5,7
3331,16,3,1,5,7
3332,16,3,1,5,7
3333,16,3,1,5,7
3334,16,3,1,5,7
3335,16,3,1,5,7
3336,16,3,1,5,7
3337,16,3,1,5,7
3338,16,3,1,5,7
3339,16,3,1,5,7
3340,16,3,1,5,7
3341,16,3,1,5,7
3342,16,3,1,5,7
3343,16,2,1,5,8
3344,16,2,1,5,8
3345,16,2,1,5,8
3346,16,2,1,5,8
3347,16,2,1,5,8
3348,16,2,1,5,8
3349,16,2,1,5,8
3350,16,2,1,5,8
3351,16,2,1,5,8
3352,16,2,1,5,8
3353,16,2,1,5,8
3354,16,2,1,5,8
3355,16,2,1,5,8
3356,16,2,1,5,8
3357,16,2,1,5,8
3358,16,2,1,5,8
3359,16,2,1,5,8
3360,16,2,1,5,8
3361,16,2,1,5,8
3362,16,2,1,5,8
3363,16,2,1,5,8
3364,16,2,1,5,8
3365,16,2,1,5,8
3366,16,2,1,5,8
3367,16,2,1,5,8
3368,16,2,1,5,8
3369,16,2,1,5,8
3370,16,2,1,5,8
3371,16,2,1,5,8
3372,16,2,1,5,8
3373,16,2,1,5,8
3374,16,2,1,5,8
3375,16,2,1,5,8
3376,16,2,1,5,8
3377,16,2,1,5,8
3378,16,2,1,5,8
3379,16,2,1,5,8
3380,16,2,1,5,8
3381,16,2,1,5,8
3382,16,2,1,5,8
3383,16,2,1,5,8
3384,16,2,1,5,8
3385,16,2,1,5,8
3386,16,2,1,5,8
3387,16,2,1,5,8
3388,16,2,1,5,8
3389,16,2,1,5,8
3390,16,2,1,5,8
3391,16,2,1,5,8
3392,16,2,1,5,8
3393,16,2,1,5,8
3394,16,2,1,5,8
3395,16,2,1,5,8
3396,16,2,1,5,8
3397,16,2,1,5,8
3398,16,2,1,5,8
3399,16,2,1,5,8
3400,16,2,1,5,8
3401,16,2,1,5,8
3402,16,2,1,5,8
3403,16,2,1,5,8
3404,16,2,1,5,8
3405,16,2,1,5,8
3406,16,2,1,5,8
3407,16,2,1,5,8
3408,16,2,1,5,8
3409,16,2,1,5,8
3410,16,2,1,5,8
3411,16,2,1,5,8
3412,16,2,1,5,8
3413,16,2,1,5,8
3414,16,2,1,5,8
3415,16,2,1,5,8
3416,16,2,1,5,8
3417,16,2,1,5,8
3418,16,2,1,5,8
3419,16,2,1,5,8
3420,16,2,1,5,8
3421,16,2,1,5,8
3422,16,2,1,5,8
3423,16,2,1,5,8
3424,16,2,1,5,8
3425,16,2,1,5,8
3426,16,2,1,5,8
3427,16,2,1,5,8
3428,16,2,1,5,8
3429,16,2,1,5,8
3430,16,2,1,5,8
3431,16,2,1,5,8
3432,16,2,1,5,8
3433,16,2,1,5,8
3434,16,2,1,5,8
3435,16,2,1,5,8
3436,16,2,1,5,8
3437,16,2,1,5,8
3438,16,2,1,5,8
3439,16,2,1,5,8
3440,16,2,1,5,8
3441,16,2,1,5,8
3442,16,2,1,5,8
3443,16,2,1,5,8
3444,16,2,1,5,8
3445,16,2,1,5,8
3446,16,2,1,5,8
3447,16,2,1,5,8
3448,16,2,1,5,8
3449,16,2,1,5,8
3450,16,2,1,5,8
3451,16,2,1,5,8
3452,16,2,1,5,8
3453,16,2,1,5,8
3454,16,2,1,5,8
3455,16,2,1,5,8
3456,16,2,1,5,8
3457,16,2,1,5,8
3458,16,2,1,5,8
3459,16,2,1,5,8
3460,16,2,1,5,8
3461,16,2,1,5,8
3462,16,2,1,5,8
3463,16,2,1,5,8
3464,16,2,1,5,8
3465,16,2,1,5,8
3466,16,2,1,5,8
3467,16,2,1,5,8
3468,16,2,1,5,8
3469,16,2,1,5,8
3470,16,2,1,5,8
3471,16,2,1,5,8
3472,16,2,1,5,8
3473,16,2,1,5,8
3474,16,2,1,5,8
3475,16,2,1,5,8
3476,16,2,1,5,8
3477,16,2,1,5,8
3478,16,2,1,5,8
3479,16,2,1,5,8
3480,16,2,1,5,8
3481,16,2,1,5,8
3482,16,2,1,5,8
3483,16,2,1,5,8
3484,16,2,1,5,8
3485,16,2,1,5,8
3486,16,2,1,5,8
3487,16,2,1,5,8
3488,16,2,1,5,8
3489,16,2,1,5,8
3490,16,2,1,5,8
3491,16,2,1,5,8
3492,16,2,1,5,8
3493,16,2,1,5,8
3494,16,2,1,5,8
3495,16,2,1,5,8
3496,16,2,1,5,8
3497,16,2,1,5,8
3498,16,2,1,5,8
3499,16,2,1,5,8
3500,16,2,1,5,8
3501,16,2,1,5,8
3502,16,2,1,5,8
3503,16,2,1,5,8
3504,16,2,1,5,8
3505,16,2,1,5,8
3506,16,2,1,5,8
3507,16,2,1,5,8
3508,16,2,1,5,8
3509,16,2,1,5,8
3510,16,2,1,5,8
3511,16,2,1,5,8
3512,16,2,1,5,8
3513,16,2,1,5,8
3514,16,2,1,5,8
3515,16,2,1,5,8
3516,16,2,1,5,8
3517,16,2,1,5,8
3518,16,2,1,5,8
3519,16,2,1,5,8
3520,16,2,1,5,8
3521,16,2,1,5,8
3522,16,2,1,5,8
3523,16,2,1,5,8
3524,16,2,1,5,8
3525,16,2,1,5,8
3526,16,2,1,5,8
3527,16,2,1,5,8
3528,16,2,1,5,8
3529,16,2,1,5,8
3530,16,2,1,5,8
3531,16,2,1,5,8
3532,16,2,1,5,8
3533,16,2,1,5,8
3534,16,2,1,5,8
3535,16,2,1,5,8
3536,16,2,1,5,8
3537,16,2,1,5,8
3538,16,2,1,5,8
3539,16,2,1,5,8
3540,16,2,1,5,8
3541,16,2,1,5,8
3542,16,2,1,5,8
3543,16,2,1,5,8
3544,16,2,1,5,8
3545,16,2,1,5,8
3546,16,2,1,5,8
3547,16,2,1,5,8
3548,16,2,1,5,8
3549,16,2,1,5,8
3550,16,2,1,5,8
3551,16,2,1,5,8
3552,16,2,1,5,8
3553,16,2,1,5,8
3554,16,2,1,5,8
3555,16,2,1,5,8
3556,16,2,1,5,8
3557,16,2,1,5,8
3558,16,2,1,5,8
3559,16,2,1,5,8
3560,16,2,1,5,8
3561,16,2,1,5,8
3562,16,2,1,5,8
3563,16,2,1,5,8
3564,16,2,1,5,8
3565,16,2,1,5,8
3566,16,2,1,5,8
3567,16,2,1,5,8
3568,16,2,1,5,8
3569,16,2,1,5,8
3570,16,2,1,5,8
3571,16,2,1,5,8
3572,16,2,1,5,8
3573,16,2,1,5,8
3574,16,2,1,5,8
3575,16,2,1,5,8
3576,16,2,1,5,8
3577,16,1,1,5,9
3578,16,1,1,5,9
3579,16,1,1,5,9
3580,16,1,1,5,9
3581,16,1,1,5,9
3582,16,1,1,5,9
3583,16,1,1,5,9
3584,16,0,1,5,10
3585,16,0,1,5,10
3586,16,0,1,5,10
3587,16,0,1,5,10
3588,16,0,1,5,10
3589,16,0,1,5,10
3590,16,0,1,5,10
3591,16,0,1,5,10
3592,16,0,1,5,10
3593,16,0,1,5,10
3594,16,0,1,5,10
3595,16,0,1,5,10
3596,16,0,1,5,10
3597,16,0,1,5,10
3598,16,0,1,5,10
3599,16,0,1,5,10
3600,16,0,1,5,10
3601,16,0,1,5,10
3602,16,0,1,5,10
3603,16,0,1,5,10
3604,16,0,1,5,10
3605,16,0,1,5,10
3606,16,0,1,5,10
3607,16,0,1,5,10
3608,16,0,1,5,10
3609,16,0,1,5,10
3610,16,0,1,5,10
3611,16,0,1,5,10
3612,16,0,1,5,10
3613,16,0,1,5,10
3614,16,0,1,5,10
3615,16,0,1,5,10
3616,16,0,1,5,10
3617,16,0,1,5,10
3618,16,0,1,5,10
3619,16,0,1,5,10
3620,16,0,1,5,10
3621,16,0,1,5,10
3622,16,0,1,5,10
3623,16,0,1,5,10
3624,16,0,1,5,10
3625,16,0,1,5,10
3626,16,0,1,5,10
3627,16,0,1,5,10
3628,16,0,1,5,10
3629,16,0,1,5,10
3630,16,0,1,5,10
3631,16,0,1,5,10
3632,16,0,1,5,10
3633,16,0,1,5,10
3634,16,0,1,5,10
3635,16,0,1,5,10
3636,16,0,1,5,10
3637,16,0,1,5,10
3638,16,0,1,5,10
3639,16,0,1,5,10
3640,16,0,1,5,10
3641,16,0,1,5,10
3642,16,0,1,5,10
3643,16,0,1,5,10
3644,16,0,1,5,10
3645,16,0,1,5,10
3646,16,0,1,5,10
3647,16,0,1,5,10
3648,16,0,1,5,10
3649,16,0,1,5,10
3650,16,0,1,5,10
3651,16,0,1,5,10
3652,16,0,1,5,10
3653,16,0,1,5,10
3654,16,0,1,5,10
3655,16,0,1,5,10
3656,16,0,1,5,10
3657,16,0,1,5,10
3658,16,0,1,5,10
3659,16,0,1,5,10
3660,16,0,1,5,10
3661,16,0,1,5,10
3662,16,0,1,5,10
3663,16,0,1,5,10
3664,16,0,1,5,10
3665,16,0,1,5,10
3666,16,0,1,5,10
3667,16,0,1,5,10
3668,16,0,1,5,10
3669,16,0,1,5,10
3670,16,0,1,5,10
3671,16,0,1,5,10
3672,16,0,1,5,10
3673,16,0,1,5,10
3674,16,0,1,5,10
3675,16,0,1,5,10
3676,16,0,1,5,10
3677,16,0,1,5,10
3678,16,0,1,5,10
3679,16,0,1,5,10
3680,16,0,1,5,10
3681,16,0,1,5,10
3682,16,0,1,5,10
3683,16,0,1,5,10
3684,16,0,1,5,10
3685,16,0,1,5,10
3686,16,0,1,5,10
3687,16,0,1,5,10
3688,16,0,1,5,10
3689,16,0,1,5,10
3690,16,0,1,5,10
3691,16,0,1,5,10
3692,16,0,1,5,10
3693,16,0,1,5,10
3694,16,0,1,5,10
3695,16,0,1,5,10
3696,16,0,1,5,10
3697,16,0,1,5,10
3698,16,0,1,5,10
3699,16,0,1,5,10
3700,16,0,1,5,10
3701,16,0,1,5,10
3702,16,0,1,5,10
3703,16,0,1,5,10
3704,16,0,1,5,10
3705,16,0,1,5,10
3706,16,0,1,5,10
3707,16,0,1,5,10
3708,16,0,1,5,10
3709,16,0,1,5,10
3710,16,0,1,5,10
3711,16,0,1,5,10
3712,16,0,1,5,10
3713,16,0,1,5,10
3714,16,0,1,5,10
3715,16,0,1,5,10
3716,16,0,1,5,10
3717,16,0,1,5,10
3718,16,0,1,5,10
3719,16,0,1,5,10
3720,16,0,1,5,10
3721,16,0,1,5,10
3722,16,0,1,5,10
3723,16,0,1,5,10
3724,16,0,1,5,10
3725,16,0,1,5,10
3726,16,0,1,5,10
3727,16,0,1,5,10
3728,16,0,1,5,10
3729,16,0,1,5,10
3730,16,0,1,5,10
3731,16,0,1,5,10
3732,16,0,1,5,10
3733,16,0,1,5,10
3734,16,0,1,5,10
3735,16,0,1,5,10
3736,16,0,1,5,10
3737,16,0,1,5,10
3738,16,0,1,5,10
3739,16,0,1,5,10
3740,16,0,1,5,10
3741,16,0,1,5,10
3742,16,0,1,5,10
3743,16,0,1,5,10
3744,16,0,1,5,10
3745,16,0,1,5,10
3746,16,0,1,5,10
3747,16,0,1,5,10
3748,16,0,1,5,10
3749,16,0,1,5,10
3750,16,0,1,5,10
3751,16,0,1,5,10
3752,16,0,1,5,10
3753,16,0,1,5,10
3754,16,0,1,5,10
3755,16,0,1,5,10
3756,16,0,1,5,10
3757,16,0,1,5,10
3758,16,0,1,5,10
3759,16,0,1,5,10
3760,16,0,1,5,10
3761,16,0,1,5,10
3762,16,0,1,5,10
3763,16,0,1,5,10
3764,16,0,1,5,10
3765,16,0,1,5,10
3766,16,0,1,5,10
3767,16,0,1,5,10
3768,16,0,1,5,10
3769,16,0,1,5,10
3770,16,0,1,5,10
3771,16,0,1,5,10
3772,16,0,1,5,10
3773,16,0,1,5,10
3774,16,0,1,5,10
3775,16,0,1,5,10
3776,16,0,1,5,10
3777,16,0,1,5,10
3778,16,0,1,5,10
3779,16,0,1,5,10
3780,16,0,1,5,10
3781,16,0,1,5,10
3782,16,0,1,5,10
3783,16,0,1,5,10
3784,16,0,1,5,10
3785,16,0,1,5,10
3786,16,0,1,5,10
3787,16,0,1,5,10
3788,16,0,1,5,10
3789,16,0,1,5,10
3790,16,0,1,5,10
3791,16,0,1,5,10
3792,16,0,1,5,10
3793,16,0,1,5,10
3794,16,0,1,5,10
3795,16,0,1,5,10
3796,16,0,1,5,10
3797,16,0,1,5,10
3798,16,0,1,5,10
3799,16,0,1,5,10
3800,16,0,1,5,10
3801,16,0,1,5,10
3802,16,0,1,5,10
3803,16,0,1,5,10
3804,16,0,1,5,10
3805,16,0,1,5,10
3806,16,0,1,5,10
3807,16,0,1,5,10
3808,16,0,1,5,10
3809,16,0,1,5,10
3810,16,0,1,5,10
3811,16,0,1,5,10
3812,16,0,1,5,10
3813,16,0,1,5,10
3814,16,0,1,5,10
3815,16,0,1,5,10
3816,16,0,1,5,10
3817,16,0,1,5,10
3818,16,0,1,5,10
3819,16,0,1,5,10
3820,16,0,1,5,10
3821,16,0,1,5,10
3822,16,0,1,5,10
3823,16,0,1,5,10
3824,16,0,1,5,10
3825,16,0,1,5,10
3826,16,0,1,5,10
3827,16,0,1,5,10
3828,16,0,1,5,10
3829,16,0,1,5,10
3830,16,0,1,5,10
3831,16,0,1,5,10
3832,16,0,1,5,10
3833,16,0,1,5,10
3834,16,0,1,5,10
3835,16,0,1,5,10
3836,16,0,1,5,10
3837,16,0,1,5,10
3838,16,0,1,5,10
3839,16,0,1,5,10
3840,16,0,1,5,10
3841,16,0,1,5,10
3842,16,0,1,5,10
3843,16,0,1,5,10
3844,16,0,1,5,10
3845,16,0,1,5,10
3846,16,0,1,5,10
3847,16,0,1,5,10
3848,16,0,1,5,10
3849,16,0,1,5,10
3850,16,0,1,5,10
3851,16,0,1,5,10
3852,16,0,1,5,10
3853,16,0,1,5,10
3854,16,0,1,5,10
3855,16,0,1,5,10
3856,16,0,1,5,10
3857,16,0,1,5,10
3858,16,0,1,5,10
3859,16,0,1,5,10
3860,16,0,1,5,10
3861,16,0,1,5,10
3862,16,0,1,5,10
3863,16,0,1,5,10
3864,16,0,1,5,10
3865,16,0,1,5,10
3866,16,0,1,5,10
3867,16,0,1,5,10
3868,16,0,1,5,10
3869,16,0,1,5,10
3870,16,0,1,5,10
3871,16,0,1,5,10
3872,16,0,1,5,10
3873,16,0,1,5,10
3874,16,0,1,5,10
3875,16,0,1,5,10
3876,16,0,1,5,10
3877,16,0,1,5,10
3878,16,0,1,5,10
3879,16,0,1,5,10
3880,16,0,1,5,10
3881,16,0,1,5,10
3882,16,0,1,5,10
3883,16,0,1,5,10
3884,16,0,1,5,10
3885,16,0,1,5,10
3886,16,0,1,5,10
3887,16,0,1,5,10
3888,16,0,1,5,10
3889,16,0,1,5,10
3890,16,0,1,5,10
3891,16,0,1,5,10
3892,16,0,1,5,10
3893,16,0,1,5,10
3894,16,0,1,5,10
3895,16,0,1,5,10
3896,16,0,1,5,10
3897,16,0,1,5,10
3898,16,0,1,5,10
3899,16,0,1,5,10
3900,16,0,1,5,10
3901,16,0,1,5,10
3902,16,0,1,5,10
3903,16,0,1,5,10
3904,16,0,1,5,10
3905,16,0,1,5,10
3906,16,0,1,5,10
3907,16,0,1,5,10
3908,16,0,1,5,10
3909,16,0,1,5,10
3910,16,0,1,5,10
3911,16,0,1,5,10
3912,16,0,1,5,10
3913,16,0,1,5,10
3914,16,0,1,5,10
3915,16,0,1,5,10
3916,16,0,1,5,10
3917,16,0,1,5,10
3918,16,0,1,5,10
3919,16,0,1,5,10
3920,16,0,1,5,10
3921,16,0,1,5,10
3922,16,0,1,5,10
3923,16,0,1,5,10
3924,16,0,1,5,10
3925,16,0,1,5,10
3926,16,0,1,5,10
3927,16,0,1,5,10
3928,16,0,1,5,10
3929,16,0,1,5,10
3930,16,0,1,5,10
3931,16,0,1,5,10
3932,16,0,1,5,10
3933,16,0,1,5,10
3934,16,0,1,5,10
3935,16,0,1,5,10
3936,16,0,1,5,10
3937,16,0,1,5,10
3938,16,0,1,5,10
3939,16,0,1,5,10
3940,16,0,1,5,10
3941,16,0,1,5,10
3942,16,0,1,5,10
3943,16,0,1,5,10
3944,16,0,1,5,10
3945,16,0,1,5,10
3946,16,0,1,5,10
3947,16,0,1,5,10
3948,16,0,1,5,10
3949,16,0,1,5,10
3950,16,0,1,5,10
3951,16,0,1,5,10
3952,16,0,1,5,10
3953,16,0,1,5,10
3954,16,0,1,5,10
3955,16,0,1,5,10
3956,16,0,1,5,10
3957,16,0,0,6,10
